[62]
[62]
[62 51]
[62 51]
[62 51]
[62 51]
[62 51]
[62 51]
[62 51]
[62 51]
[62 51]
[62 51]
[62 51]
[62 51]
[62 51 48]
[62 51 48 54]
[62 51 48 54]
[62 51 48 54 25]
[62 51 48 54 25 90 41]
[62 51 48 54 25 90 41 12]
[62 51 48 54 25 90 41 12]
[62 51 48 54 25 90 41 12 89]
[62 51 48 54 25 90 41 12 89 55]
[62 51 48 54 25 90 41 12 89 55 65]
[62 51 48 54 25 90 41 12 89 55 65 59]
[62 51 48 54 25 90 41 12 89 55 65 59 79]
[62 51 48 54 25 90 41 12 89 55 65 59 79  8]
[62 51 48 54 25 90 41 12 89 55 65 59 79  8]
[62 51 48 54 25 90 41 12 89 55 65 59 79  8  5]
[62 51 48 54 25 90 41 12 89 55 65 59 79  8  5]
[62 51 48 54 25 90 41 12 89 55 65 59 79  8  5 26]
[62 51 48 54 25 90 41 12 89 55 65 59 79  8  5 26 53]
[62 51 48 54 25 90 41 12 89 55 65 59 79  8  5 26 53 75 67]
[62 51 48 54 25 90 41 12 89 55 65 59 79  8  5 26 53 75 67]
[62 51 48 54 25 90 41 12 89 55 65 59 79  8  5 26 53 75 67  2]
[62 51 48 54 25 90 41 12 89 55 65 59 79  8  5 26 53 75 67  2 96]
[62 51 48 54 25 90 41 12 89 55 65 59 79  8  5 26 53 75 67  2 96 93]
[62 51 48 54 25 90 41 12 89 55 65 59 79  8  5 26 53 75 67  2 96 93]
[62 51 48 54 25 90 41 12 89 55 65 59 79  8  5 26 53 75 67  2 96 93 77]
[62 51 48 54 25 90 41 12 89 55 65 59 79  8  5 26 53 75 67  2 96 93 77]
[62 51 48 54 25 90 41 12 89 55 65 59 79  8  5 26 53 75 67  2 96 93 77 24]
[62 51 48 54 25 90 41 12 89 55 65 59 79  8  5 26 53 75 67  2 96 93 77 24
 76]
[62 51 48 54 25 90 41 12 89 55 65 59 79  8  5 26 53 75 67  2 96 93 77 24
 76  7]
[62 51 48 54 25 90 41 12 89 55 65 59 79  8  5 26 53 75 67  2 96 93 77 24
 76  7]
[62 51 48 54 25 90 41 12 89 55 65 59 79  8  5 26 53 75 67  2 96 93 77 24
 76  7]
[62 51 48 54 25 90 41 12 89 55 65 59 79  8  5 26 53 75 67  2 96 93 77 24
 76  7  6]
[62 51 48 54 25 90 41 12 89 55 65 59 79  8  5 26 53 75 67  2 96 93 77 24
 76  7  6 15]
[62 51 48 54 25 90 41 12 89 55 65 59 79  8  5 26 53 75 67  2 96 93 77 24
 76  7  6 15 43]
[62 51 48 54 25 90 41 12 89 55 65 59 79  8  5 26 53 75 67  2 96 93 77 24
 76  7  6 15 43]
[62 51 48 54 25 90 41 12 89 55 65 59 79  8  5 26 53 75 67  2 96 93 77 24
 76  7  6 15 43]
[62 51 48 54 25 90 41 12 89 55 65 59 79  8  5 26 53 75 67  2 96 93 77 24
 76  7  6 15 43]
[62 51 48 54 25 90 41 12 89 55 65 59 79  8  5 26 53 75 67  2 96 93 77 24
 76  7  6 15 43 85]
[62 51 48 54 25 90 41 12 89 55 65 59 79  8  5 26 53 75 67  2 96 93 77 24
 76  7  6 15 43 85  1]
[62 51 48 54 25 90 41 12 89 55 65 59 79  8  5 26 53 75 67  2 96 93 77 24
 76  7  6 15 43 85  1 33]
[62 51 48 54 25 90 41 12 89 55 65 59 79  8  5 26 53 75 67  2 96 93 77 24
 76  7  6 15 43 85  1 33]
[62 51 48 54 25 90 41 12 89 55 65 59 79  8  5 26 53 75 67  2 96 93 77 24
 76  7  6 15 43 85  1 33 21]
[62 51 48 54 25 90 41 12 89 55 65 59 79  8  5 26 53 75 67  2 96 93 77 24
 76  7  6 15 43 85  1 33 21 34]
[62 51 48 54 25 90 41 12 89 55 65 59 79  8  5 26 53 75 67  2 96 93 77 24
 76  7  6 15 43 85  1 33 21 34]
[62 51 48 54 25 90 41 12 89 55 65 59 79  8  5 26 53 75 67  2 96 93 77 24
 76  7  6 15 43 85  1 33 21 34  4]
[62 51 48 54 25 90 41 12 89 55 65 59 79  8  5 26 53 75 67  2 96 93 77 24
 76  7  6 15 43 85  1 33 21 34  4 38]
[62 51 48 54 25 90 41 12 89 55 65 59 79  8  5 26 53 75 67  2 96 93 77 24
 76  7  6 15 43 85  1 33 21 34  4 38]
[62 51 48 54 25 90 41 12 89 55 65 59 79  8  5 26 53 75 67  2 96 93 77 24
 76  7  6 15 43 85  1 33 21 34  4 38 17]
[62 51 48 54 25 90 41 12 89 55 65 59 79  8  5 26 53 75 67  2 96 93 77 24
 76  7  6 15 43 85  1 33 21 34  4 38 17 10]
[62 51 48 54 25 90 41 12 89 55 65 59 79  8  5 26 53 75 67  2 96 93 77 24
 76  7  6 15 43 85  1 33 21 34  4 38 17 10]
[62 51 48 54 25 90 41 12 89 55 65 59 79  8  5 26 53 75 67  2 96 93 77 24
 76  7  6 15 43 85  1 33 21 34  4 38 17 10 88]
[62 51 48 54 25 90 41 12 89 55 65 59 79  8  5 26 53 75 67  2 96 93 77 24
 76  7  6 15 43 85  1 33 21 34  4 38 17 10 88 69]
[62 51 48 54 25 90 41 12 89 55 65 59 79  8  5 26 53 75 67  2 96 93 77 24
 76  7  6 15 43 85  1 33 21 34  4 38 17 10 88 69 42]
[62 51 48 54 25 90 41 12 89 55 65 59 79  8  5 26 53 75 67  2 96 93 77 24
 76  7  6 15 43 85  1 33 21 34  4 38 17 10 88 69 42 80]
[62 51 48 54 25 90 41 12 89 55 65 59 79  8  5 26 53 75 67  2 96 93 77 24
 76  7  6 15 43 85  1 33 21 34  4 38 17 10 88 69 42 80 83]
[62 51 48 54 25 90 41 12 89 55 65 59 79  8  5 26 53 75 67  2 96 93 77 24
 76  7  6 15 43 85  1 33 21 34  4 38 17 10 88 69 42 80 83 45]
[62 51 48 54 25 90 41 12 89 55 65 59 79  8  5 26 53 75 67  2 96 93 77 24
 76  7  6 15 43 85  1 33 21 34  4 38 17 10 88 69 42 80 83 45 66]
[62 51 48 54 25 90 41 12 89 55 65 59 79  8  5 26 53 75 67  2 96 93 77 24
 76  7  6 15 43 85  1 33 21 34  4 38 17 10 88 69 42 80 83 45 66 23]
[62 51 48 54 25 90 41 12 89 55 65 59 79  8  5 26 53 75 67  2 96 93 77 24
 76  7  6 15 43 85  1 33 21 34  4 38 17 10 88 69 42 80 83 45 66 23]
[62 51 48 54 25 90 41 12 89 55 65 59 79  8  5 26 53 75 67  2 96 93 77 24
 76  7  6 15 43 85  1 33 21 34  4 38 17 10 88 69 42 80 83 45 66 23 27]
[62 51 48 54 25 90 41 12 89 55 65 59 79  8  5 26 53 75 67  2 96 93 77 24
 76  7  6 15 43 85  1 33 21 34  4 38 17 10 88 69 42 80 83 45 66 23 27 32]
[62 51 48 54 25 90 41 12 89 55 65 59 79  8  5 26 53 75 67  2 96 93 77 24
 76  7  6 15 43 85  1 33 21 34  4 38 17 10 88 69 42 80 83 45 66 23 27 32]
[62 51 48 54 25 90 41 12 89 55 65 59 79  8  5 26 53 75 67  2 96 93 77 24
 76  7  6 15 43 85  1 33 21 34  4 38 17 10 88 69 42 80 83 45 66 23 27 32]
[62 51 48 54 25 90 41 12 89 55 65 59 79  8  5 26 53 75 67  2 96 93 77 24
 76  7  6 15 43 85  1 33 21 34  4 38 17 10 88 69 42 80 83 45 66 23 27 32
 29]
[62 51 48 54 25 90 41 12 89 55 65 59 79  8  5 26 53 75 67  2 96 93 77 24
 76  7  6 15 43 85  1 33 21 34  4 38 17 10 88 69 42 80 83 45 66 23 27 32
 29 56]
[62 51 48 54 25 90 41 12 89 55 65 59 79  8  5 26 53 75 67  2 96 93 77 24
 76  7  6 15 43 85  1 33 21 34  4 38 17 10 88 69 42 80 83 45 66 23 27 32
 29 56]
[62 51 48 54 25 90 41 12 89 55 65 59 79  8  5 26 53 75 67  2 96 93 77 24
 76  7  6 15 43 85  1 33 21 34  4 38 17 10 88 69 42 80 83 45 66 23 27 32
 29 56]
[62 51 48 54 25 90 41 12 89 55 65 59 79  8  5 26 53 75 67  2 96 93 77 24
 76  7  6 15 43 85  1 33 21 34  4 38 17 10 88 69 42 80 83 45 66 23 27 32
 29 56 94]
[62 51 48 54 25 90 41 12 89 55 65 59 79  8  5 26 53 75 67  2 96 93 77 24
 76  7  6 15 43 85  1 33 21 34  4 38 17 10 88 69 42 80 83 45 66 23 27 32
 29 56 94]
[62 51 48 54 25 90 41 12 89 55 65 59 79  8  5 26 53 75 67  2 96 93 77 24
 76  7  6 15 43 85  1 33 21 34  4 38 17 10 88 69 42 80 83 45 66 23 27 32
 29 56 94 16]
[62 51 48 54 25 90 41 12 89 55 65 59 79  8  5 26 53 75 67  2 96 93 77 24
 76  7  6 15 43 85  1 33 21 34  4 38 17 10 88 69 42 80 83 45 66 23 27 32
 29 56 94 16]
[62 51 48 54 25 90 41 12 89 55 65 59 79  8  5 26 53 75 67  2 96 93 77 24
 76  7  6 15 43 85  1 33 21 34  4 38 17 10 88 69 42 80 83 45 66 23 27 32
 29 56 94 16]
[62 51 48 54 25 90 41 12 89 55 65 59 79  8  5 26 53 75 67  2 96 93 77 24
 76  7  6 15 43 85  1 33 21 34  4 38 17 10 88 69 42 80 83 45 66 23 27 32
 29 56 94 16]
[62 51 48 54 25 90 41 12 89 55 65 59 79  8  5 26 53 75 67  2 96 93 77 24
 76  7  6 15 43 85  1 33 21 34  4 38 17 10 88 69 42 80 83 45 66 23 27 32
 29 56 94 16]
[62 51 48 54 25 90 41 12 89 55 65 59 79  8  5 26 53 75 67  2 96 93 77 24
 76  7  6 15 43 85  1 33 21 34  4 38 17 10 88 69 42 80 83 45 66 23 27 32
 29 56 94 16 36]
[62 51 48 54 25 90 41 12 89 55 65 59 79  8  5 26 53 75 67  2 96 93 77 24
 76  7  6 15 43 85  1 33 21 34  4 38 17 10 88 69 42 80 83 45 66 23 27 32
 29 56 94 16 36]
[62 51 48 54 25 90 41 12 89 55 65 59 79  8  5 26 53 75 67  2 96 93 77 24
 76  7  6 15 43 85  1 33 21 34  4 38 17 10 88 69 42 80 83 45 66 23 27 32
 29 56 94 16 36 19]
[62 51 48 54 25 90 41 12 89 55 65 59 79  8  5 26 53 75 67  2 96 93 77 24
 76  7  6 15 43 85  1 33 21 34  4 38 17 10 88 69 42 80 83 45 66 23 27 32
 29 56 94 16 36 19]
[62 51 48 54 25 90 41 12 89 55 65 59 79  8  5 26 53 75 67  2 96 93 77 24
 76  7  6 15 43 85  1 33 21 34  4 38 17 10 88 69 42 80 83 45 66 23 27 32
 29 56 94 16 36 19 74]
[62 51 48 54 25 90 41 12 89 55 65 59 79  8  5 26 53 75 67  2 96 93 77 24
 76  7  6 15 43 85  1 33 21 34  4 38 17 10 88 69 42 80 83 45 66 23 27 32
 29 56 94 16 36 19 74 14]
[62 51 48 54 25 90 41 12 89 55 65 59 79  8  5 26 53 75 67  2 96 93 77 24
 76  7  6 15 43 85  1 33 21 34  4 38 17 10 88 69 42 80 83 45 66 23 27 32
 29 56 94 16 36 19 74 14 95]
[62 51 48 54 25 90 41 12 89 55 65 59 79  8  5 26 53 75 67  2 96 93 77 24
 76  7  6 15 43 85  1 33 21 34  4 38 17 10 88 69 42 80 83 45 66 23 27 32
 29 56 94 16 36 19 74 14 95 84]
[62 51 48 54 25 90 41 12 89 55 65 59 79  8  5 26 53 75 67  2 96 93 77 24
 76  7  6 15 43 85  1 33 21 34  4 38 17 10 88 69 42 80 83 45 66 23 27 32
 29 56 94 16 36 19 74 14 95 84 91]
[62 51 48 54 25 90 41 12 89 55 65 59 79  8  5 26 53 75 67  2 96 93 77 24
 76  7  6 15 43 85  1 33 21 34  4 38 17 10 88 69 42 80 83 45 66 23 27 32
 29 56 94 16 36 19 74 14 95 84 91 78]
[62 51 48 54 25 90 41 12 89 55 65 59 79  8  5 26 53 75 67  2 96 93 77 24
 76  7  6 15 43 85  1 33 21 34  4 38 17 10 88 69 42 80 83 45 66 23 27 32
 29 56 94 16 36 19 74 14 95 84 91 78 60]
[62 51 48 54 25 90 41 12 89 55 65 59 79  8  5 26 53 75 67  2 96 93 77 24
 76  7  6 15 43 85  1 33 21 34  4 38 17 10 88 69 42 80 83 45 66 23 27 32
 29 56 94 16 36 19 74 14 95 84 91 78 60]
[62 51 48 54 25 90 41 12 89 55 65 59 79  8  5 26 53 75 67  2 96 93 77 24
 76  7  6 15 43 85  1 33 21 34  4 38 17 10 88 69 42 80 83 45 66 23 27 32
 29 56 94 16 36 19 74 14 95 84 91 78 60 92]
[62 51 48 54 25 90 41 12 89 55 65 59 79  8  5 26 53 75 67  2 96 93 77 24
 76  7  6 15 43 85  1 33 21 34  4 38 17 10 88 69 42 80 83 45 66 23 27 32
 29 56 94 16 36 19 74 14 95 84 91 78 60 92 47]
[62 51 48 54 25 90 41 12 89 55 65 59 79  8  5 26 53 75 67  2 96 93 77 24
 76  7  6 15 43 85  1 33 21 34  4 38 17 10 88 69 42 80 83 45 66 23 27 32
 29 56 94 16 36 19 74 14 95 84 91 78 60 92 47]
[62 51 48 54 25 90 41 12 89 55 65 59 79  8  5 26 53 75 67  2 96 93 77 24
 76  7  6 15 43 85  1 33 21 34  4 38 17 10 88 69 42 80 83 45 66 23 27 32
 29 56 94 16 36 19 74 14 95 84 91 78 60 92 47 30]
[62 51 48 54 25 90 41 12 89 55 65 59 79  8  5 26 53 75 67  2 96 93 77 24
 76  7  6 15 43 85  1 33 21 34  4 38 17 10 88 69 42 80 83 45 66 23 27 32
 29 56 94 16 36 19 74 14 95 84 91 78 60 92 47 30]
[62 51 48 54 25 90 41 12 89 55 65 59 79  8  5 26 53 75 67  2 96 93 77 24
 76  7  6 15 43 85  1 33 21 34  4 38 17 10 88 69 42 80 83 45 66 23 27 32
 29 56 94 16 36 19 74 14 95 84 91 78 60 92 47 30]
[62 51 48 54 25 90 41 12 89 55 65 59 79  8  5 26 53 75 67  2 96 93 77 24
 76  7  6 15 43 85  1 33 21 34  4 38 17 10 88 69 42 80 83 45 66 23 27 32
 29 56 94 16 36 19 74 14 95 84 91 78 60 92 47 30  9]
[62 51 48 54 25 90 41 12 89 55 65 59 79  8  5 26 53 75 67  2 96 93 77 24
 76  7  6 15 43 85  1 33 21 34  4 38 17 10 88 69 42 80 83 45 66 23 27 32
 29 56 94 16 36 19 74 14 95 84 91 78 60 92 47 30  9 13]
[62 51 48 54 25 90 41 12 89 55 65 59 79  8  5 26 53 75 67  2 96 93 77 24
 76  7  6 15 43 85  1 33 21 34  4 38 17 10 88 69 42 80 83 45 66 23 27 32
 29 56 94 16 36 19 74 14 95 84 91 78 60 92 47 30  9 13 28]
[62 51 48 54 25 90 41 12 89 55 65 59 79  8  5 26 53 75 67  2 96 93 77 24
 76  7  6 15 43 85  1 33 21 34  4 38 17 10 88 69 42 80 83 45 66 23 27 32
 29 56 94 16 36 19 74 14 95 84 91 78 60 92 47 30  9 13 28 63]
[62 51 48 54 25 90 41 12 89 55 65 59 79  8  5 26 53 75 67  2 96 93 77 24
 76  7  6 15 43 85  1 33 21 34  4 38 17 10 88 69 42 80 83 45 66 23 27 32
 29 56 94 16 36 19 74 14 95 84 91 78 60 92 47 30  9 13 28 63 40]
[62 51 48 54 25 90 41 12 89 55 65 59 79  8  5 26 53 75 67  2 96 93 77 24
 76  7  6 15 43 85  1 33 21 34  4 38 17 10 88 69 42 80 83 45 66 23 27 32
 29 56 94 16 36 19 74 14 95 84 91 78 60 92 47 30  9 13 28 63 40 20]
[62 51 48 54 25 90 41 12 89 55 65 59 79  8  5 26 53 75 67  2 96 93 77 24
 76  7  6 15 43 85  1 33 21 34  4 38 17 10 88 69 42 80 83 45 66 23 27 32
 29 56 94 16 36 19 74 14 95 84 91 78 60 92 47 30  9 13 28 63 40 20  0]
[62 51 48 54 25 90 41 12 89 55 65 59 79  8  5 26 53 75 67  2 96 93 77 24
 76  7  6 15 43 85  1 33 21 34  4 38 17 10 88 69 42 80 83 45 66 23 27 32
 29 56 94 16 36 19 74 14 95 84 91 78 60 92 47 30  9 13 28 63 40 20  0 71]
[62 51 48 54 25 90 41 12 89 55 65 59 79  8  5 26 53 75 67  2 96 93 77 24
 76  7  6 15 43 85  1 33 21 34  4 38 17 10 88 69 42 80 83 45 66 23 27 32
 29 56 94 16 36 19 74 14 95 84 91 78 60 92 47 30  9 13 28 63 40 20  0 71
 64]
[62 51 48 54 25 90 41 12 89 55 65 59 79  8  5 26 53 75 67  2 96 93 77 24
 76  7  6 15 43 85  1 33 21 34  4 38 17 10 88 69 42 80 83 45 66 23 27 32
 29 56 94 16 36 19 74 14 95 84 91 78 60 92 47 30  9 13 28 63 40 20  0 71
 64 57]
[62 51 48 54 25 90 41 12 89 55 65 59 79  8  5 26 53 75 67  2 96 93 77 24
 76  7  6 15 43 85  1 33 21 34  4 38 17 10 88 69 42 80 83 45 66 23 27 32
 29 56 94 16 36 19 74 14 95 84 91 78 60 92 47 30  9 13 28 63 40 20  0 71
 64 57 39]
[62 51 48 54 25 90 41 12 89 55 65 59 79  8  5 26 53 75 67  2 96 93 77 24
 76  7  6 15 43 85  1 33 21 34  4 38 17 10 88 69 42 80 83 45 66 23 27 32
 29 56 94 16 36 19 74 14 95 84 91 78 60 92 47 30  9 13 28 63 40 20  0 71
 64 57 39 50]
[62 51 48 54 25 90 41 12 89 55 65 59 79  8  5 26 53 75 67  2 96 93 77 24
 76  7  6 15 43 85  1 33 21 34  4 38 17 10 88 69 42 80 83 45 66 23 27 32
 29 56 94 16 36 19 74 14 95 84 91 78 60 92 47 30  9 13 28 63 40 20  0 71
 64 57 39 50]
[62 51 48 54 25 90 41 12 89 55 65 59 79  8  5 26 53 75 67  2 96 93 77 24
 76  7  6 15 43 85  1 33 21 34  4 38 17 10 88 69 42 80 83 45 66 23 27 32
 29 56 94 16 36 19 74 14 95 84 91 78 60 92 47 30  9 13 28 63 40 20  0 71
 64 57 39 50 73]
[62 51 48 54 25 90 41 12 89 55 65 59 79  8  5 26 53 75 67  2 96 93 77 24
 76  7  6 15 43 85  1 33 21 34  4 38 17 10 88 69 42 80 83 45 66 23 27 32
 29 56 94 16 36 19 74 14 95 84 91 78 60 92 47 30  9 13 28 63 40 20  0 71
 64 57 39 50 73]
[62 51 48 54 25 90 41 12 89 55 65 59 79  8  5 26 53 75 67  2 96 93 77 24
 76  7  6 15 43 85  1 33 21 34  4 38 17 10 88 69 42 80 83 45 66 23 27 32
 29 56 94 16 36 19 74 14 95 84 91 78 60 92 47 30  9 13 28 63 40 20  0 71
 64 57 39 50 73]
[62 51 48 54 25 90 41 12 89 55 65 59 79  8  5 26 53 75 67  2 96 93 77 24
 76  7  6 15 43 85  1 33 21 34  4 38 17 10 88 69 42 80 83 45 66 23 27 32
 29 56 94 16 36 19 74 14 95 84 91 78 60 92 47 30  9 13 28 63 40 20  0 71
 64 57 39 50 73]
[62 51 48 54 25 90 41 12 89 55 65 59 79  8  5 26 53 75 67  2 96 93 77 24
 76  7  6 15 43 85  1 33 21 34  4 38 17 10 88 69 42 80 83 45 66 23 27 32
 29 56 94 16 36 19 74 14 95 84 91 78 60 92 47 30  9 13 28 63 40 20  0 71
 64 57 39 50 73]
[62 51 48 54 25 90 41 12 89 55 65 59 79  8  5 26 53 75 67  2 96 93 77 24
 76  7  6 15 43 85  1 33 21 34  4 38 17 10 88 69 42 80 83 45 66 23 27 32
 29 56 94 16 36 19 74 14 95 84 91 78 60 92 47 30  9 13 28 63 40 20  0 71
 64 57 39 50 73]
[62 51 48 54 25 90 41 12 89 55 65 59 79  8  5 26 53 75 67  2 96 93 77 24
 76  7  6 15 43 85  1 33 21 34  4 38 17 10 88 69 42 80 83 45 66 23 27 32
 29 56 94 16 36 19 74 14 95 84 91 78 60 92 47 30  9 13 28 63 40 20  0 71
 64 57 39 50 73 68]
[62 51 48 54 25 90 41 12 89 55 65 59 79  8  5 26 53 75 67  2 96 93 77 24
 76  7  6 15 43 85  1 33 21 34  4 38 17 10 88 69 42 80 83 45 66 23 27 32
 29 56 94 16 36 19 74 14 95 84 91 78 60 92 47 30  9 13 28 63 40 20  0 71
 64 57 39 50 73 68 72]
[62 51 48 54 25 90 41 12 89 55 65 59 79  8  5 26 53 75 67  2 96 93 77 24
 76  7  6 15 43 85  1 33 21 34  4 38 17 10 88 69 42 80 83 45 66 23 27 32
 29 56 94 16 36 19 74 14 95 84 91 78 60 92 47 30  9 13 28 63 40 20  0 71
 64 57 39 50 73 68 72]
