[48]
[48]
[48]
[48]
[48]
[48]
[48]
[48 85]
[48 85]
[48 85]
[10 91]
[10 91]
[75 10]
[75 10]
[75 10]
[10 91 29]
[10 75 91]
[75 10 29]
[10 75 29]
[10 91 29 84]
[10 29 91 84 75]
[75 10 29 84 91 73  2]
[75 10 29 84 91 59 73]
[75 10 29 84 59 91 73  2]
[75 10 29 59 84 91 73  2]
[75 10 29 91 84 73 90  2 95]
[10 91 84 29 75 73 95 90  2 30]
[36 32 31 39 40 28 86 87 42 43 22]
[75 59 36 98 22 46 45 87 86 43 28 42]
[75 59 16 10 31 71 45  3 68 98 51 62 61]
[75 59 16 10 91 87 22 51 98 46 28 43 31 32]
[75 10 91 29 84 73 58 45 68 62 71 34 37 39 40]
[75 59 16 88  0 26 92 67 27 55 18 50 53 11 13 25]
[85 99 53 50 48 25 11 67 55 92 13 18  0 19 27 26 88]
[48 25 99 85 53 50 11 67 55 13 92 18  0 19 27 26 88 74 21]
[48 99 85 53 25 50 11 67 55 13 92 18  0 19 27 26 88 74 21 60]
[85 48 25 99 53 50 11 67 55 13 92 18  0 19 27 26 88 74 21 60 76]
[99 85 53 48 25 67 50 92 13 55 11 18  0 19 27 26 88 74 21 60 76 65]
[25 48 99 53 85 50 67 55  0 92 11 88 13 18 19 26 27 60 74 21 65 83 89]
[89 83 60 65 21 74 88 26 11  0 67 92 25 55 53 50 48 27 85 99 13 18 19]
[16 33 59 80 89 75  7 83 17 65 76 21 60 74 55 53 92 18 19 67 48  0 85 50]
[16 33 75 59 80 89  7 83 17 65 76 60 21 74 48 50  0 55 27 67 85 92 53 25
 99]
[16 33 59 75 80 89  7 83 17 65 76 99 48 50 53 11 67 85 25 13 55 18 92  0
 19 27]
[49 36 37 38 39 40 41 42 43 45 46 47 79 98 81 51 77 54 56 57 58 72 71 61
 62 63]
[20 82 41 52 14  8 66 72 57 87 54 51 49 47 45 43 40 39 98 46 58 37 61 62
 63 64]
[49 34 36 37 39 40 42 43 45 46 47 98 81 51 79 54 56 58 77 61 62 63 64 72
 71 68 32]
[49 32 34 71 37 39 40 42 43 45 46 47 31 98 54 81 56 58 79 61 62 63 64 68
 70 51 28 36]
[49 34 36 37 39 40 43 45 46 47 98 51 54 32 87 58 61 62 63 64 86 68 70 71
 77 79 81 56 31]
[49 34 36 37 39 42 43 45 46 47 98 51 54 87 56 58 86 61 62 63 64 68 70 71
 77 79 32 31 40 96]
[99 85 53 50 48 25 11 92 67 55 18 13  0 19 27 26 88 74 21 60 76 65 17 83
  7 89 80 33 16 59 75]
[75 59 99 85 67 53 50 48 11 25 55 92 27 19 18  0 13 26 88 74 21 60 76 65
 17 83 16 89  7 80 33 12]
[75 59 49 82 54 52 93 12 77  9 40 42 45 46 47 87 98 86 51  5  4 39 56  3
 61 62 63 64 81 68 70 71 79]
[49 34 37 39 40 42 43 45 46 47 82 98 51 81 54 79 56 58 61 62 63 64 77 68
 70 71 32 31 36  5  4  1 86]
[84 29 10 91 73 75  2 90 95 35 44 30 97 69 78 38 41 57 82 14  8 64 72 45
 71 46 47 70 86 98 51 68 66]
[84 29 10 75 91 73 59  2 95 90 66 82 64 81 42 43 45 46 79 47 77 71 98 68
 51 87 54 86 56 40 58 70 61 62]
[75 29 84 10 59 91 73  2 95 90 77 93 98 47 86 51 46 45 43 42 52 87 49 56
 40 58 82 61 62 63 64 66 81 68 70]
[75 59 84 10 29 91 16 73  2 90 95 35 44 30  8  6 72 54 46 86 98 51 52 45
 47 49 82 57 58 43 61 62 63 64 81 66]
[75 84 29 59 10 91 73  2 90 95 30 98 47 46 49 51 43 42 39 45 87 56 86 37
 57 58 61 62 63 64 68 70 71 79 54 36 40]
[10 84 29 91 75 73  2 90 59 95 44 35 30 97 69 78  8 38 72 14 41 82 57  6
  1 23 47 24 20 52 66 34 77 98 51 68 58 71]
[84 29 10 90  2 73 91 30  8  1 23 24 58 34  5 70 22 28 86 43 40 94 87 79
  4 96 64  9 15 56 81 68 63 32 46 36 45 42 39]
[84 10 29 91 73 75  2 90 30 95 44 35 97 78 69  8 38 72 14 41  6 82 57  1
 23 24 20 47 52 66 34 77 93 12 45 58 68 62 49  9]
[48 99 85 53 25 50 11 67 55 13 92 18  0 19 27 26 88 74 21 60 76 65 17 83
  7 89 80 33 16 59 75  4 58 64 54 61 62 63 56 70]
[84 10 29 75 91 73 59  2 90 95 44 35 30 97 16 69 78 38  8 14 41 72 57 82
  6 20  1 47 66 23 24 52 93 77 34 12  3 45 58 68]
[75 59 10 29 84 16 91 73 33 89 27 48 50  0 55 26 67 85 88 92 53 25 99 11
 19 18 13 74 60 21 65 76 83 17 80  7  2 90 95 30 35]
[75 59 99 85 67 53 50 48 25 11 55 92 18 13  0 27 19 88 26 74 21 60 76 65
 17 83 89 10  7 16 80 29 84 33 91 73  2 95 90 30  8 61]
[75 59 10 84 29 91 16 73 95  2 90  8 52 24 93 82 66 12 77 47  3 54 34 46
 51 87 45 98 61 56 58 43 62 63 64 68 70 71 79 86 42 49 40]
[75 10 49  1  3 59 23 77 71 61 54 51 98 37 34 31 82 12 66 62 81 42 43 70
 45 46 47 40  9 52 87 86 56 58 64 39 68 63  4 15 24 36 20 94]
[75 49 37 47 98 24 23 93 54 61 12 34 82  1  3 71 77 39 42 43 45 46 79 66
 51 87 70 86 36 58 68 62 63 64 56 40 81 32  9 31 96 15 94 22 28]
[75 59 16 10 54 87 52 51 98 49 45 43 42 39 37 46 47 56 36 58 61 62 63 64
 68 70 71 82 77 79 86 34 40 81 93 15 22 32 23 24 96  9 28  5  4  3]
[75 59 16 49 32 42 43 46 98 87 86 58 28 62 63 64 68 70 71 79 56 24 40 81
 22  3  4  5 96 15 94  9 47 51 61 66 82 77  1 12 45 23 31 93 34 36 37]
[75 10 59 29 91 84 40 28 43 86 22 56 64 70 79 87 94 81 96  1 15  3  4  5
  9 46 47 51 54 58 98 62 45 63 68 71 82 61 42 49 23 24 32 37 36 39 31 34]
[51 43 22 23 42 64 63 28 56 62 31 32 87 34 58 36 37 61 40 94 68 81  4  5
 98 79 54 86  9 71 46 96 45 15 70 47 39 24  3  1 49 12 82 77 93 66 52 20]
[95 91 86 96  4 28 30 70 73 94 43 56 81 82 62 50 53 55 48  0 67 74 85 88
 92 65 27 99 25 11 13 26 18 19 21 76 60 17 83  7 64 89 80 47 90 33 69 10
 68]
[91 60 25 26 27 48 50 53 55  0 67 74 76 85 88 92 19 18 99 13 11 21 65 17
 83  7 89 80 95 10 73 30 90 33  8 82 97 69 47 24 23  1 62 34 45  9 68 63
 70  5]
[84 10 91 29 73 95 90 30  8 41 40 45 46 39 47 98 81 51 42 43 52 54 79 56
 58 61 62 63 64 77 66 68 70 71 37 72 49 34  1  3  4  5  6  9 96 12 14 94
 93 20 15]
[ 0 21 25 26 27 48 50 19 53 60 67 74 85 88 92 55 18 99 13 11 76 65 17 83
 89  7 80 33 16 59 44  2 75 84 29 35 63 32 90 97 39 36 42 46 98 61 31 51
 71 37 49 54]
[59 75 89 83  7 17 80 65 76 60 21  0 27 48 50 53 67 26 74 85 88 92 55 25
 99 13 19 18 11 33 16 10 91 29 84 73 12 68 70 64 71 63 72 66 23 77 24  6
 81 82  5  4]
[22 43 94 79  4  5 70 87 86  9 64 28 15 96 40 56 58 81 63 68 32 45 39 36
 34 62 46 42 98  1 24 61 23 37 51 31 49 71 54 47 77 52  3 12  8 82 93  6
 20 41 72 66]
[63 40 32 36 39 22 49 98 42 37 46 77 43 87 15  5 94 79 54  9 52 61 58  6
 41 31 86 72 51 64  1 12 71 96 93  4 34  8 23 24 70 28 45  3 68 20 56 81
 66 14 62 38 57]
[84 29 12 34 77 24 28 61 31 32 58 56 36 49 86 39 40 42 43 54 45 46 87 98
 37 62 64 52  1 81  3  4  5 79 63 71 96  9 15 94 22 23 70 51 68 93 47 66
 20  6 82  8 41 72]
[49 23 68 34 24 54 77 62  1 45  3 40 61 28 58 31 32 46 42 86 36 87 43 39
 56 37 63 22 81  4  5 79  9 98 12 96 71 15 94 64 70 51 93 47 52 66 20 82
  6  8 57 41 72 14 38]
[84 29  2 10 73 91 90 44 35 75 95 30 97  8 49 12  5 45 46 47  4 51 54 87
 56 58 43 15 62 63 64 86 68 70 71 79 81 82 61 40 98 42 39 31 24 23 32 22
  9 94 34 36 37 96 28  1]
[84 29 10 73 91  2 90 75 44 35 95 30 59 97 78 69 38  8 72 41 14 57 82 77
  1 98 51 47 46 52 87 86 49 56 58 45 62 63 64 68 70 71 79 54 61 40 42  3
  4  5  9 96 12 15 94 93 43]
[84 29  2 73 10 90 91 44 35 95 30 97 78  8 32 31 36 42 87 43 86 46 39 98
 37 51 94 61 63 71 22 54 81 64 79 70 40 72 49 77 96 28 15  3  4  5 12 52
 58 66 56 93  9 20  6 45 41 68]
[44 90 69 57 66 82 20 93 47 12 14  3 62 37 51 81 56 54 68 61 31 28 71 96
  4 64 70 46 45 63 43 42 40 39 98 36 49 32 15 94 87  9 86 22 79  5 77 58
 34 52 23 24  1  6 30 38 41 72 78]
[70 64 28 79 22 87 94 15 40 86 96 43  4  9 63  5 56 39 36 32 42 81 46 58
 98 68 61 51 62 31 45 71 37 34 54 49 24  3 23 77  1 12 47 52 93 20 66 82
  6 41 72 57  8 14 38 78 97 69 30 44]
[40 22 43 94 87 79 15  5 86  9 64 58 96  4 28 70  1 34 24 68 23 56 45 81
 62 47  8 82 63 49 77 52 32 36 37 39 98 54  6 42 61 12 46 93 20 41 72 14
  3 66 31 71 51 57 38 30 95 78 69 90 97]
[91 73 10 29 84 48 25 85 53 99 50 67 11 55 92  0 13 18 27 88 19 26 74 60
 21 76 65  2 17 83 95 90  7 89 80 44 35 30 51 63  4 46 70 86 40 42 96 94
 28 43 32 31 39 36 71 98 64 22 61 56 37 54]
[48 25 85 53 99 50 67 11 55 92 13  0 18 27 19 26 88 74 60 21 76 65 17 83
  7 89 80 33 91 84 10 75 29 73  2 59 90 16 95 44 35 30 97 69 78 66 47 87
 81 61 62 79 64 70 77  3 71 63  4 98 54  9 15]
[ 0 92 88 85 67 55 53 50 48 27 26 25 19 18 99 11 13 74 21 60 76 65 17 83
  7 89 80 33 16 59 75 91 10 69 38 14 57 66 82 20  3 52 93 54  6 71 77 49
 31 47 12 37 28 81 22 79 23 86 32 34 24 94 70 36]
[91 99 85 10 48 50 11 13 18 53 19 84 25 29 75 67 55 27 73 96 42 43 39 36
 34 63 32 46 64 40 54  4 68 86  9 94  5 77 22 28 70 52 61 71 79 81 62 93
 87 58 56 49 98  3 45 12 15 51 37 31 66 23 24 20]
[91 10 95 69 57 66 38 78 73 14  3 82 20 93 51 71 12 31 47 72 61 62  6 41
 42 97 54 46 37 52  8 23 98 81 77 45 49 24 68 36 56 39 32 34  1 70 28 30
 63  4 58 96 64  5  9 86 15 87 79 43 94 22 40 29 35]
[91  4 40 64 94 86 28 70 22 43 96 15 79 87 56  9  5 58 81 68 45 62 34 24
 63 23  1 32 47 39 36 46 42 98 61 37 49 51 82 54 71 31 77 52  3 12 93 20
  6 66 41 72 57 14  8 38 69 78 10 97 95 73 29 30 84 35]
[91 10 29 73 84 75 59 95  2 90 31  5 43 12 70 15 56  3 51 79 98 46 61 63
 42 40 39 37 64 36 54 49 71 96 28 86 87  9 32 22  4 94 93 81 58 62 68 77
 52 66 45 20 34 47 24 23 57  6  1 82 41 72 14 38 16  8 69]
[33 80  7 89 17 83 65 76 21 60 74 88 26 19 27  0 18 13 92 67 55 11 50 48
 53 25 85 99 16 75 59 10 91 84 29 73  2 90 44 95 35 58 68 23 62  9 66 70
 71 12 28 79 81 64  4 86 87  3 93 94 96 77  5 63 61 31 32 34]
[61 62 28 36 37 39 40 22 79 42 43 68 45 32 15 86 87 58 56 63  4 46  5 64
  9 94 51 96 70 34 71 98 31 54 49 81 24 47 23  1 77  3 12 52 93 82 66 20
  6  8 41 72 57 14 38 78 69 97 30 85 48 99 11 50 44 13 53 35 95]
[75 59 10 29 91 84 16 73 27 48 50 53  0 26 67 85 88 92 55 25 99 11 13 19
 18 74 21 60 76 65 17 83  7 80 89 33  2 95 90 35 44 30 69 97 78 82 38  8
 47 57 14 23 24 66 41  1 72 62 45 20 34  6 68 81 93 56  3 12 58]
[82  8 57 47 23 24 66 62 20 41  1 34 45 46 81 42 43  9  4 98 51 52 87 54
 86 56  3 58 61 63 64 68 70 71 72 77 79 40 39 49 37 36 94 32 31 96 93 12
 28 22 15  6  5 14 38 78 69 97 30 95 44 35 90  2 73 84 29 91 10]
[84 44  2 90 29 73 35 30 95 10 75 97 91 78 69  8 38 72 41 14  6 57 82  1
 52 23 24 20 47 66 77 93 59 34 12 58 45 49 68 36  9 64 63 62 61 96  3 94
 56 70 54 81 71 51 22 98 87 86 46 28 31 43 42 32 40 39  5  4 79]
[75 59 16 84 10 29 14  8 47 46 45 39 37 98 43 42 40 79 77 49 52 36 54 56
 57 58 71 61 62 63 64 70 66 51 81 34 82  1  3  4  5  6 96  9 94 12 93 15
 20 68 32 22 23 24 86 87 28 31 72 41 38 78 69 97 19 27 85 92 88  0]
[49 62 28 61 87 31 32 58 34 57 36 63 37 39 40 82 42 43 54 45 46 47 52 56
 98 93 23  1 81  3  4  5 79 77  9 24 12 96 70 15 68 86 94 66 20 64 22 71
 51  6 72 41 14  8 38 78 69 97 30 35 44 95 90  2 73 16 33 91 80  7 89]
[64 28 94 70 96 56 40 86 43  4 22 39 36 63 58 32 31 61 45 46 98 62 42 51
 81 87 68 71 15  5 79  9 37 34  3 54 47 49 24 12 23  1 93 77 66 82 20 52
 57  6 14  8 41 72 38 69 78 97 30 95 35 90 44 91 73 16  2 33 10  7 80 17]
[88 26  0 27 60 92 55 67 19 18 13 50 11 53 25 99 21 48 85 74 76 65 17 83
  7 80 89 33 16 40 22 43 94 87 79 15 86  9  5 64 58 96  4 70 28  1 63 34
 24 68 56 45 23 81 49  8 39 32 36 77 52 98 62 37  6 54 72 42 41 46 61 47]
[33  7 80 17 89 83 76 65 21 60 74 26 88 27 19 13 18  0 92 50 67 48 25 53
 85 99 11 55 16 24 23 56 58 61 63 64 68 70 71 79 81  5  4 86 87  3  1 94
 96  9 54 62 49 51 40 36 42 43 34 39 45 31 46 28 47 98 15 22 32 37 82 77]
[95 91 30 90 73 35 97 69 78 44 38  8 14 57 72 82 41  6  1 66 23 47 34 24
 20 93 45 77 46 64 70 98 63 62 51 79 52 54 71 56 58 81 61 68 49 42  3  4
  5  9 96 12 15 94 22 43 87 36 28 31 32 37 39 40 86 84  2 29 10 16 48 25
 53]
[88 27 26 19  0 92 85 67 55 53 50 48 25 18 99 13 11 74 60 21 76 65 83 17
 89  7 80 33 16 63 32 46 39 36 42 98 61 31 51 71 37 54 49  3 77 12 40 43
 93 52 94 66 86 22 96 20  6 64  4 28 70 87 41 79 15 72 57  5  9 56 14 81
 58]
[33 80  7 17 83 89 65 76 74 21 60 26 27 48 50  0 55 67 85 88 92 53 25 99
 13 19 11 18 61 51 56 58 63 64 70 71 77 15 79 81  5  4 86 87 94 96  9 98
 49 36 46 22 20 28 31 43 32 42 37 39 40  3 34 68 47 62 45 54 52 93  1 24
 66 23]
[ 7 80 17 65 83 76  0 26 27 48 50 53 67 74 85 88 92 55 25 99 11 19 18 13
 21 60 89 33 16 23 52 93 66  6 82 20 81 96 94  1 87 61 62 63 64 86  9 68
 70 71  3 77 79 58  4  5 49 42 36 37 56 39 40 31 28 32 15 43 34 45 22 46
 47 98 51]
[99 85 53 50 48 25 92 67 55 11 18 13  0 27 19 88 26 74 60 21 76 65 83 89
 17 80  7 33 16 72  6 41 52 77 14 38 49 57 20 93 12 69 54 86 40 43 94 96
 70  4 28 64 22 56 37 81 63 66 62 87 15 79 98 36 68 78 45  9 39  5 32 58
 47 61 34  3]
[89 80 83 17 65 60 21 88 74 67 25 55 53 50 48 27 26 92 85  0 99 19 13 11
 18 76  7 33 44 35 90  2 97 30 78 72 69 41  6 38 14 52 77 95 20 57 49 93
  8 66 12 16 54 37  3 98 63 61 39 32 36 42 71 31 51 46 82  1 23 24 47 34
 58 45  9 62 79]
[15 40 79 70 64 63 86 56 87 43 28 22 94 81 96  4  5 39 46  9 36 32 42 62
 68 58 45 61 51 98 31 34 71 37 54 24 23 47 49  1  3 12 77 93 82 66 52 20
  6  8 57 41 72 14 38 69 78 97 30 35 95 44 90  2 73 89 80 83  7 17 33 65
 60 76 21 88 74 26]
[76 74 19 18 13 11 99 85 48 53 50 25 27 67 55 92  0 26 21 88 65 60  7 17
 83 80 33 89 16 59 75 29 84  2 91 10 73 95 44 35 90 30 97 69 78 38 14 41
 72  8 57 82  6 66 20 47 52 93  1 24 77 12 23  3 34 79 64 54 32  4 87 81
 96 86 49 15 63 62 51]
