[16]
[16 33]
[33 16]
[48 85]
[48 85]
[21 76]
[25  0]
[11 19]
[48 25]
[33 16 25]
[16 75 59]
[10 91 44]
[75 10 91 59]
[75 16 59 85 48]
[75 59 16 10 91 29 84]
[75 59 16 85 48 99 50 11]
[75 59 16 85 48 99 50 11]
[75 59 16 10 91 29 84 73 33]
[75 59 10 16 91 29 84 73 95  2]
[75 59 10 91 16 29 84 73 95  2 90]
[75 59 16 10 91 29 84 73  2 95 90 44]
[75 59 16 10 91 29 95 73 84 82 47 62 45]
[16 75 59 91 82 47 62 45 24 23 68 34 81 56]
[16 75 59 33 80  7 89 83 17 65 76 60 21 74 27]
[16 75 59 33 80  7 89 83 17 65 76 60 21 74 18 13]
[16 75 59 33 80  7 89 17 83 65 76 21 60 26 74 88 67]
[16 75 59 33 80  7 17 83 65 76 21 89 74 48 50 99 13 26 85]
[16 75 59 33 80  7 89 17 83 65 76 60 21 53 50 48 25 67 85 55]
[75 16 59 91 33 10 95 80 29  7 73 89 17 83 65 76 21 60 74 53 25]
[82 47 62 24 23 45 68 34 81 56 58  9 70  5 28 15 79 87  4  1 64 96]
[91 82 47 95 24 62 23 45 68 34 81 56 58  5  9 15 70 28 87 79 64  4 96]
[42 45  5 39 36 63 62 58  9 46 79 81 31 64 56 61 28 32 87 22 34 51 43  4]
[87 56 40 86 15 94 96 28 22 64 70 43  4 79 36 46 32 31 45 42 63 81  5 68
  9]
[40 79 43 28 22 86 96 64 94 70  4 62 68 58 32 45 46  9 36 34 42 31 71 87
 39  5]
[56 94 81 86 28 96 46 43 32 70 40 64 63  4 15 87 79 22 42 31 36 51 39 61
 71 98 62]
[ 8 82  1 47 24 23 34 45 62 68 58  5  9 81 15 57 87 56 79 66 20 93 70 28
 12  3 86 43]
[36 87 39 42 46 98 15 51 32 79 81  9 71 58 68 62 63 56 31 61 54 45 64 40
 70 37 34 43 49]
[43 86 94 40 96  4 28 70 64 22 56 81 87 79 15  9 62  5 68 45 58 34 47 24
 23  1 82 46 42 51]
[16 61 32 28 71 70 68 31 64 36 39 40 42 43 46 51 58 22 79 56  4 81 87 86
  9 94 96  5 15 98 45]
[16 75 36  9 32 79 28 63 70 39 40 42 43 45 46 68 56 58 62 22 81 64 94  5
  4 15 86 87 96 54 98 37]
[48 99 85 53 50 25 11 13 67 18 55 92 19 27  0 26 74 88 21 76 60 65  7 17
 83 80 33 89 16 59 75 91 69]
[19  0 92 85 67 55 53 50 48 27 25 18 13 99 11 88 26 74 21 60 76 65 17  7
 83 80 89 33 16 59 75 69 78 97]
[94 43 96 40 86  4 28 70 64 22 56 81 62 87 15  9  5 79 68 45 58 34 47 24
 23  1 82  8 57 66  3 12 20 93 71]
[16 33  7 80 17 89 83 76 65 21 60 74 26 13 18 19 88 27  0 55 53 67 85 50
 48 92 99 25 11 59 75 91 10 29 73]
[86 40 43 87 96  4 28 94 64 79 22 70 56 15 81  9  5 62 58 68 45 46 32 63
 42 34 39 36 51 31 98 61 47 71 24]
[82  1  3 77 52 12 93 49 51 98 47 43 45 40 39 37 46 54 58 56 36 61 62 63
 64 86 68 70 71 79 81 87 34 42 32]
[42 94 87 22 51 98 46 36 28 43 31 32 40 34 39 45 58 56 15 81 79  4  5 71
 70 68 61  9 86 64 63 96 62 37 54  3]
[64 63 28 61 86 31 32 58 22 36 39 40 42 43 87 45 46 56 94 51 71  4  5 79
  9 96 15 81 70 54 98 68  3 47 34 37 62]
[91 32 31 62 63 28 87 64 39 40 22 42 43 94 68 70 36 46 51 81  4  5 86 15
 79  9 56 71 96 61 45 58 98 47 37  3 34 54]
[91 51 61 63 62 46 31 15 32 87 68 36  5 42 39 71 79  9 45 56 81 43 28 98
 86 22 40 94 96 64 70  4 58 34 37 47  3 54 24]
[89 60 88 83  0 26 80 17 65 21 67 92 33 25 55 27 53  7 74 76 48 18 85 50
 99 19 13 11 10 16 91 29 84 73 95  2 90 30 35 44]
[91 10 95 30 69 78 38  8 14 82 57 45 46 51 47 42 86 98 41 40 43 52 49 56
 61 62 63 64 66 81 68 70 71 72 77 54 58 39 36  3  4]
[ 7 17 65 76 80 83 21 60 74 27 18 13 19  0 26 88 53 50 48 67 85 92 55 25
 99 11 89 33 91 10 73 95  2 44 90 84 30 35 69 78 97 38]
[82 57 36 37 39 40 43 45 46 47 93 98 51 52 54 56 49 58 61 62 63 64 66 68
 70 71 87 77 79 81 34 32 42 86 22 23 24  4 94  5  3 15]
[82 47 49 24 56 54 28 51 98 31 32 87 34 86 36 37 39 40 46 42 23 43 22 61
 71  3  4  5 70 68 79  9 58 45 12 81 64 15 94 63 62 96]
[82 47 23 49 34 36 37 39 40 43 45 46 98 51 87 54 86 56 58 61 62 63 64 68
 70 71 79 81 32 31 42 24 28  1  9  5  4 15 12 94 22 96]
[58 86 43 94 28 40 56 96  9 22 62  5  4 64 70 46 32 42 39 31 71 98 81 36
 79 15 51 61 63 68 87 47 45 34 37 54  3 24 49 23 12 82  1]
[23 93 47 49 31 32 64 34 63 36 37 39 40 42 43 87 45 46 98 94 51 52 54 62
 56 58 28 61 79 68  9 15  5  4 77 12  3 86 70 22 24  1 96 71]
[91 73 95 90 30 84 35 69 44 97 78 38 14 57  8 82 66 72 41  6 20 47 12 93
 23  3 77 52 51 54 98 49 58 61 62 63 46 87 68 70 71 79 81 56]
[91 73 95 90 30 35 69 44 78 97  2 38 57 14 66 41 72 82 20  8  6 93  3 47
 52 12 77 87 46 42 49 64 58 61 63 70 79 81 56 40 43 86 36  4  5]
[95  8 82 12 93 77 36 39 40 42 43 51 45 46 98 86 34 54 81 56 58 61 62 63
 64 79 68 70 71 32 31 49 94  3  4  5  9 96 15 22 23 37 24 87 28 52]
[95 90 30 73  2 35 78 84  8 14 82 39 42 51 45 46 37 98 40 43 49 81 54 71
 56 58 77 61 62 63 64 66 68 70 52 79 36  3 34 15  4 22 23 24  1 93]
[ 0 21 25 26 27 48 50 19 53 60 67 74 85 88 92 55 18 99 13 11 76 65 17 83
  7 89 80 33 91 95 30  8 82 96 56 94 61 62 63 64  1  5 68 70 71  4 87]
[69 38 14 57 82  8 66 41  6 72 47 20 93 81 42 43 46 98 51 52 54 87 56 58
 40 86 61 62 63 64 68  1 70 71 77 79  3 39 45 37  9 12 96  5 15 94  4 22]
[69 30 78 38 14  8 57 82 72 41  6 66 20 47  1 24 23 93 52 12  3 77 34 62
 45 49 68 54 71 61 81 37 56 98 63 64 46 70 58 40 43 36  4 96 39 22 94 28
 86]
[91 73 10 95 94 40 43 86 96  4 28 70 22 64 56 81 87 79 15  9  5 62 68 58
 45 34 47 24 23  1 82  8 30 90 84 29 51 71 31 46  3 93 57 61 66 20 42 32
 12 98]
[95 91 31 32 36 37 39 40 42 43 46 49 98 86 51 54 56 61 63 64 70 71 28 87
 77 15 22 96  3  4 94  9 81 12 79  5 93 58 52 68 66 62 20 45 34  6 24 23
  1 57 47]
[95 30 69 78 97 38  8 14 72 41 82 57  6  1 47 23 20 24 66 52 34 93 62 77
 45 68 12 81 58  3 54 56  5 87 49 15 79 28  9 64 86 70 71 51 98 61 63 42
 37 22 31 32]
[92 67 55 18 13  0 85 53 50 48 25 99 11 19 27 88 26 74 21 60 76 65 17  7
 83 80 89 33 16 59 75 69 82 57 14 47 38 24 23 66 20  1 34 62 45 93  6 68
 81 12  3 56]
[48 85 99 25 50 53 11 13 18 67 55 19 92 33 27  0 74 80  7 26 76 17 88 21
 65 89 83 60 16 59 91 75 73 95 10 84 29 90 30  2 35 44 69 97 78  8 82 38
 57 14 47 72]
[16 59 33 75 99 25 27 13 11 48 50 53 55 67 85 92 18 19 74 26  0 88 21  7
 76 60 65 17 83 80 89 91 10 73 95 84 29 90  2 30 35 44 69 97 78 38  8 82
 14 57 47 72 41]
[16 59 75 33  7  0 19 74 13 55 85 25 53 50 48 88 27 92 26 67 99 11 18 76
 21 60 65 17 83 80 89 61 98 64 46 70 43 42 56 40  4 22 79 81 86 87 94 28
 96 71 68 63 58  5]
[16 33  7 80 17 76 65 21 74 26 27 48  0 53 25 67 85 92 50 55 99 19 11 13
 18 88 60 83 89 59 75 10 29 91 84  2 44 73 35 97 90 72 78 30 41  8 38  6
 69 95 14 52 77 57 20]
[33 89 80 59 83  7 17 65 76 60 21 74 27 48 50  0 55 26 67 85 88 92 53 25
 99 18 11 13 19 16 75 10 29 84 91 73  2 44 35 95 30 97 69 78 38 72  8 14
 57 23 41 82 96 70 71 94]
[59 16 75 33 89 80 83  7 17 65 76 60 21 74 88 48 50 53  0 27 67 85 92 55
 26 99 19 11 25 13 18 29 10 97 78 22 15 56 81 58  6 96 61 63 54 64 79  8
 70 71 72 28 32 31 51 94]
[89 80 33 83 17 60 65 27 48 50 53  0 26 67 74 85 88 92 55 25 99 19 18 11
 13 21 76  7 16 59 75 10 29 91 84 69 78 38 41 22 23 24 32 70 68  8 66 77
 71 81  6 31 82  5  4 86]
[59 16 33 89 80  7 83 17 76 65 60 21 27 48 50  0 55 26 67 74 85 88 92 53
 25 99 18 13 11 19 75 10 29 84  2 44 35 91 97 69 78 38 14 72  8 41 70 71
 68 23 79 64 81  5  4 86 87]
[95 30 69 78  8 38 82 14 57 97 47 72 23  1 24 41 66 20  6 34 45 62 93 52
 68 12 58  3 77 81  5  9 56 15 79 49 87 54 71 37 70 28 31 51 61 98 64  4
 22 42 96 46 39 36 32 63 86]
[59 16 75 33  7 76 17 21 65 74 99 18 48 50 11 53 55 67 85 13 25 19 27 92
  0 26 88 60 80 83 89 95 56 15 63 46 98 79  4 70 43 42 64 40 39 87 37 36
 94 32 22 28 86 96 61 71 31]
[59 75 16 33 89 80 83  7 17 60 65 76 21 88 26  0 74 27 92 19 55 67 18 13
 11 25 53 50 99 85 48 10 29 91 84  2 73 44 95 35 90 86 43 94 96 40  4 28
 70 64 22 56 81 62 87 79 15]
[16 33 48 85 99 25 53 50 11 13 18 67 55 92 19 27  0 74 26 88 76 21  7 65
 17 60 80 83 59 89 75 91 95 10 30 69 78 38 14 57 82 72  8 66 41 20  6 93
 47 12 52  3 68 70 96 77 79 81]
[16 33  7 80 17 89 83 76 65 21 60 74 26 88 19 27 18 13  0 92 11 67 55 53
 85 50 48 99 25 59 75 10 29 20 47 82 77  1 62 96 64 94 12 66 93 68 70  4
 71  9  3 61 79  6 81 87  5 86 28]
[16 33  7 17 76 65 21 74 60 26 27 48  0 53 25 67 85 88 92 50 55 99 19 18
 11 13 80 83 89 59 75 42  4 40 46 70 22 32 64 63 28 94 96 43 86 39 36 81
 31 51 61 71 56 87 98 79 15  9  5]
[69 78 30 38 95 14  8 57 82 41 72 66  6 47 20 23 93 24 52 32 63 61 98 46
 39 31 42 43 36 40 86 28  1  4  5  9 64 15 56 96 22 94 70 12 68 87 45 34
  3 79 51 77 71 62 58 49 54 37 81 97]
[16 59 75 33  7 80 76 17 65 21 74 19 27 26 88 18 13 48  0 53 67 85 92 50
 55 99 25 11 60 89 83 91 63 39 46 32 36 42 98 61 51 31 37 71 40 54 49 43
 94  3 86 22 77 96 12  4 64 93 52 28 79]
[16 59 33  7 76 80 17 65 21 74 19 27 26 18 85 50 88 99 55 53 67 92 48 25
  0 13 11 60 83 89 75 91 10 29 63 36 32 46 39 42 98 51 61 31 71 37 54 49
 73  3 77 12 52  2 93 20  6 66 35 84 44]
[75 59 16 33 89 80 83  7 17 65 76 60 21 74 88 19 26 27 13 18 67 92 11 55
 53 25 48  0 85 50 99 10 29 91 63 32 36 46 39 42 98 61 31 51 71 37 54 49
  3 77 12 52 93 66  6 20 41 72 57 40 14]
[59 75 16 33  7 76 65 17 21 74 25 55 53 50 48 85 88 92 26 67  0 99 11 18
 13 19 27 60 80 83 89 51 56 62 63 64  9 70 79  5  4 81 86 87 94 96 71 98
 22 46 15 32 31 43 39 40 42 28 61 34 68 36]
[59 16 75 33  7 80 89 17 76 83 65 21 74 60 19 18 26 27 67 85 53 88 50 48
 92 55  0 99 11 25 13 10 91 29 84  2 73 35 44 90 97 30 69 78 95 38 14 41
 72 57  6 20  8 93 77 66  1 71 96 94  3 79 81]
[18  0 92 85 67 55 53 50 48 26 25 19 13 99 11 27 88 60 74 21 65 76 83 17
 89  7 80 33 16 59 75 95 91 69 35 78 97 44 30 38 14 57  2 41 72 66  6 20
 93 52 12 77  3  8 54 49 37 82 71 31 51 61 98]
[ 7 76 17 65 21 74 60 88 19 83 26 18 13 27  0 55 50 53 67 85 92 48 25 99
 11 80 89 33 16 59 75 91 10 29 73 95 84 90 68 70 86 87  4 62 45 40 64 58
  9 79 94  5 28 96 22 43 81 63 15 46 42 39 34]
[75 59 16 33 89 80  7 83 17 65 76 21 60 74 48 50  0 55 67 85 92 53 25 99
 19 11 26 27 18 88 13 10 91 29 73 84 95 90  2 35 30 44 97 69 24  1 68 47
 37 63 23 79 87 62 71 58 61 98 39 42 36 15 32 51]
[59 75  0 92 85 67 55 53 50 48 25 18 13 99 11 19 88 27 26 60 74 21 65 76
 83 89 17 80  7 33 16 10 29 91 84 73  2 90 95 63 46 32 42 39 36 51 71 31
 98 61 37  3 54 35 49 12 44 77 93 52 66 20  6 57 41]
[11 13 18 19 99 85 50 74 76  7 27 48 53 21 67 65 17 92 33 55 80 26 25 83
  0 88 60 89 16 59 75 95 30 69 91 78 97 82 38 57 47 14  8 66 62 81 45 56
 68 24 23 20 72 41 70 28 34  4  3 93  1 96 86 12  6 64]
[99 85 53 50 48 25 11 67 55 92 13 18  0 19 27 26 88 74 21 60 76 65 17 83
  7 89 80 33 69 30 78 82 38 47  8 14 57 95 23 24  1 62 45 34 68 72 41 66
 81 20 56 58  6  5  9 15 79 93 87 52 70 28  3 12 64  4 77]
[76 65 21 60 74 88 26 27 19  0 18 13 92 55 11 50 67 85 53 99 25 48 17  7
 83 80 89 33 16 59 75 69 38 82 57 14  8 47 78 66 23 20 24 93  1 12  6 34
 68 62  3 31 71  5  4 77 42 28 81 86 87 22 94 96 79 15 70 64]
[ 0 92 85 67 55 53 50 48 27 26 25 19 18 99 13 11 88 74 21 60 76 65 17 83
  7 80 89 33 16 59 75 35 44 97 41 72  5 43 46 63 98 49 42 40 39 15 22 36
 94 32  9 61 87  4 79 52 86 58 28 51 54 64 37 96 31 77  6 71]
[48 85 99 53 82 47  3 61 58 62 71 28 56 54 31 32 34 43 51 36 39 40 42 24
 46 22 96  4  5 94 87 86 45  9 79 15 70 68 64 63 81 12 37 98 23  1 66 49
 93 77 20 52 57 25  6 50 14  8 41 72 38 11 69 13 55 67 18 92]
[69 78 97 38 14 57 72 82 41  6  8 20 66 52 93 12 77 24  3 46 42 40 47 98
 43 81 49 79 54 39 58 61 62 63 64 71 51 56 70 36  4  5  9 96 15 94 37 22
 23 86 87 28 34 32 31 68  1 45 30 95 35 44 90  2 73 91 84 29 10]
[99 85 53 50 48 25 11 13 92 67 55 19 18 27  0 74 26 88 21 76 60 65 17  7
 83 80 89 33 16 69 97 78 38 14 57 41 72 82 66  6 20  8 24 62 93 23 63 64
  1  3 68 61 86 94 70 71 81 96 77 79 87 15 58 12 22  9 28 31 32 34]
[48 25 53 85 99 50  0 55 67 92 88 11 26 13 18 27 19 60 74 21 65 76 17 83
  7 89 80 33 16 59 95 69 78 38 57 58 96 61 62 63 64 94 86  1 71 93 77 79
 56 81 82 87 68 70 49 34 22  5 28 15 31 32 54 14 12 36  9 37 24 39 41]
[48 25 53 85 99 50 67 55  0 92 88 11 26 13 18 27 60 19 21 74 83 89 65 17
 76 80  7 33 16 59 75 29 10 84 91  2 73 95 30 44 90 69 35 78 97 38 14 57
 41 72 52  8 71 70 68  9 79 81 82  1 87 93 94 96 77 86 54 64 12 15 20 22]
[80 89 33 83  7 17 65 76 60 21 74 88 26 27 85 53 48 25  0 99 19 50 18 55
 92 67 11 13 16 59 75 29 10 84 91  2 73 44 90 35 95 30 97 69 78 38 14 57
 66 72 41 20  6 93  3 12 52  8 77 82 54 71 31 49 51 37 61 47 98 42 46 36
 39]
[33 89 80 83  7 17 60 27 25 48 50  0 55 67 85 88 92 53 19 99 18 11 13 21
 26 74 65 76 16 59 75 29  2 10 84 44 35 90 73 97  4 61  3 62 63 64 96 68
 70 71 87  1 86 77  9 81  5 94 79 49 39 36 37 31 28 58 15 40 42 43 34 24
 45 47]
[33 80 89  7 83 17 65 76 60 21 48 50 18 53 55 99 11 67 74 85 88 92 13 25
 26 27  0 19 16 59 75 29 10 84  2 44 73 35 90 97 91 30 78 95 72 41  8 38
  6 54 37 52  1 79 71  9 23 82  5 70 86 87  3 93 94 96 81  4 63 20 36 39
 40 42 43]
[99 85 53 50 48 25 11 67 55 13 92 18 19 27  0 74 26 88 21 76 60 65  7 17
 83 80 89 33 16 59 75 10 44  2 29 84 35 91 31 71 73 51 46  3 61 42 32 36
 66 39 90 98 63 57 12 37 54 93 20 97 49 40 22 15  5 58  9 79 87 77 94 14
 69 34 43 64]
[99 92 85 67 55 53 50 48 25 18 13 11  0 27 19 26 88 74 21 60 76 65 17  7
 83 80 89 33 16 59 75 10 29 84  2 73 91 44 35 90 97 95 30 78 69 38 72 41
 14 57  6 66  8 20  3 93 12 52 31 51 71 77 82 61 54 37 46 42 49 98 32 36
 39 47 63 23 24]
[ 7 76 65 17 21 74 60 26 88 27 19 18  0 13 92 55 11 67 50 53 85 48 25 99
 83 80 89 33 16 59 75 84 29  2 10 73 44 91 35 90 97 69 78 38 14 72 41 57
 30  6 20 66  8 52 93 12 82 77  3 49 31 32 71 46 37  1 58 63 54 45 39 81
 94 79 87 86 96 24]
[44 79 63 22 40 87 94 15 64  5 58 39  9 86 43 36 32 98 96  4 42 28 46 70
 34  1 49 54 37 68 24 77 23 45 81 61 56 31 52 51 62 71 12  8  6 93 47  3
 41 20 72 82 66 14 57 38 97 78 35 69 30 90 95  2 73 85 48 99 50 11 13 53
 18 25 19 91 55 67 74]
[99 85 53 50 48 25 11 67 13 55 92 18 19  0 27 26 88 74 21 60 76 65 17 83
  7 80 89 33  2 44 35 90 16 37 71 24 58 31 62 63 64 61 56 70 79  4 81 86
 87  1 94 96 68 54 49 43 36 34 40 32 28 42 23 39  5 46 98 22  9 51 15 45
 47  3 77 93 52 12 82]
[75 59 16 84 29 10  2 33 25 48 85 50 99 53 11 67 13 55 92 18  0 19 27 26
 88 74 21 60 76 65 73 17  7 83 80 89 44 90 91 35 95 30 97 78 72 41  6 70
 71  5 28 79 81  4 86 87 22 94 96 77 64 63 49 40 46 61 39 98 51 37 42 54
  9 56 15 58 32 31 36 43]
