[63]
[46 63]
[40 22]
[75 59]
[75 84]
[84 29]
[84 75]
[75 59]
[75 84]
[75 84 29]
[75 59 84]
[75 59 84]
[75 59 84 29]
[75 84 59 10 29]
[75 84 10 29 59 91 73]
[75 59 84 10 29 91 73  2]
[75 59 84 10 29 91 73  2]
[75 59 10 29 84 91 16 73  2]
[75 59 84 10 29 91 73 16  2 90]
[75 59 10 84 29 91 73 16  2 90 44]
[75 59 10 84 29 91 73  2 16 90 44 35]
[75 59 67 55 11 99 85 53 50 48 25 13 92]
[75 59 16 10 84 29 33 99 25 48 50 53 85 11]
[75 59 16 92 18 67 55 11 13  0 85 53 50 48 25]
[75 59 16 99 85 67 53 50 48 11 25 92 55 27 19 18]
[75 59 16 99 53 85 67 50 48 25 55 11 13 92 18  0 19]
[75 59 16 99 85 53 50 48 25 11 67 92 55 13 18  0 19 27 88]
[75 59 50 48 25 99 85 53 67 55 11 92 13 18  0 19 27 26 88 74]
[75 59 99 85 55 53 50 48 25 92 67 11 13 18 27  0 19 26 88 74 21]
[75 59 99 85 53 50 48 25 67 11 13 92 55 19 18  0 27 26 88 74 21 60]
[75 59 16 84 10 74  0 26 18 88 92 67 25 85 53 50 48 27 55 99 11 19 13]
[75 59 16 84 76 21 74 26 88  0 18 27 92 67 55 53 50 48 25 85 99 19 11 13]
[75 59 16 84 29 10 33 80  7 89 17 76 65 83 21 60 67 74 92 18 19 88 55 26
 13]
[75 59 16 84 29 10 33 80  7 89 17 83 76 65 21 60 74 88 26 27 50 48  0 55
 85 92]
[75 59 16 84 10 33 80  7 89 76 65 74 83 17 53 55 50 48  0 27 85 88 92 67
 26 99 13]
[75 59 10 84 29 91 16 73  2 90 44 35 95 30 97 78 69 33 38 14 72 41 57  6
  8 52 20 66]
[75 59 84 29 10 91  2 73 16 90 44 35 95 30 97 78 69 38 72 14 41  6 57 20
 66 52 93 12 77]
[42 28 32 22 61 46  4 64 70 63 51 98 43 40 39 36 31 71 94 86 96 81 37 54
 87 56 79 49  3  5]
[75 84 10 91 29 73  2 90 95 44 35 30 97 78 69 38 72 14 41 57  8  6 20 52
 66 82 93 77 12  1 24]
[84 29 10 91 73  2 90 44 95 35 75 30 97 59 78 69 38 72 14 41  8  6 57 20
 52 66 82 93 77 12  1 23]
[84 29 10 91 73  2 90 95 44 35 30 97 69 78 75 38 72 14 41  8  6 57 20 52
 66 82 93 77 12  1 49 24  3]
[75 84 10 29 91 73 59  2 41  6  8 72 52 66 20 82  1 47 77 57 12 24 23 49
  3 93 79  9 58 56 81 54 98 39]
[34 24  5 42 63  9 46 32 40 36 39 43 45 47 98 86 51 56 58 61 62 64 68 70
 71 79 87 31 81 94 28 96 15  4 22]
[56 87 28 94 58 15 81 43 86 63 96 64 79 32  5  4 70 40  9 22 45 42 46 39
 36 62 68 61 98 34 51 31 71 37  1]
[49 34 36 37 39 40 43 45 46 47 98 51 52 54 32 87 58 61 62 63 64 66 86 68
 70 71 77 79 81 56 31 42 96 12 15]
[ 8  1 82 24 23 47 31 62 45 34 51 68 87 28 42 32 46 36 43 98 22 58 39 81
  4  5 79  9 56 86 70 64 15 63 94 96]
[84 29 73 10 91  2 90 95 30 28 31 32 56 34 86 36 24 39 40 81 42 43 87 45
 46 47 37 54 98 51  1 79  4  5 71  9 70]
[84 73 90 91 29  2 95 30 10 44  8 47  1 23 40 45 46 98 43 51 56 87 39 58
 61 62 63 64 86 68 70 71 79 81 54 37 49]
[84 91 10 29 73 90  2 95 30 44 37 40 45 46 47 39 98 51 43 87 56 58 61 62
 63 64 86 68 70 71 79 81 82 54 36 42 34 96]
[10 84 91 29 73 90 98 51 61 31 71 77 34 36 39 70 40 42 43 68 63 46 86 79
 81 32 54 56 58 64 62 45 49  5  9 15 94  4 22]
[ 0 92 88 85 67 55 53 50 48 27 26 25 21 19 18 99 13 11 74 60 76 65 17 83
  7 89 80 33 16 59 75 10 29 84  2 91 73 44 35 90]
[ 7 80 17 83 89 65 76 21 60 74 26 88 27 48  0 53 25 85 92 50 67 99 13 18
 19 55 11 33 16 59 75 10 29 91 84 73  2 95 90 35 44]
[16 33 80 89  7 83 17 65 76 60 21 74 88 27 26 48  0 53 55 67 85 92 50 25
 99 13 18 11 19 59 75 10 29 91 84 73  2 44 35 90 95 63]
[16 59 33 75 80 89  7 83 17 65 76 60 21 48 53 55 25 50 99 26 67 11 74 85
 88 92 18 13  0 19 27 10 29 84 91  2 73 44 35 86  4 51 94]
[16 33 80 89 83  7 17 65 76 60 21 74 88 27 48  0 53 55 26 67 85 92 50 25
 99 18 11 13 19 59 75 10 29 91 84 73  2 46 43 42  3 98 39 36]
[33 80 89  7 83 17 65 76 60 21 74 25 53 50 48 85 99 26 55 88 67  0 11 13
 19 18 92 27 16 59 75 10 29 91 84 73  2 95 90 35 44 30 97 69 78]
[57 82 66 20 47 52 51 98 49 46 45 43 40 39 37 87 54 56 36 58 61 62 63 64
 68 70 71 77 79 81 86 34 42 96 12  6  5 32 15 94  4  9 23 24 93 22]
[33 89 99 92 85 67 55 53 50 48 25 11 19  0 13 18 88 27 26 74 60 21 76 65
 83 80 17  7 16 59 75 10 29 91 84 73 95  2 90 30 35 44 69 97 78 38 71]
[33 80 89  7 83 17 65 76 60 21 25 74 55 53 50 48 85 92 27 67  0 99 11 18
 13 19 26 88 16 59 75 10 29 91 84 73 95  2 90 35 30 44 69 97 78 38 71 72]
[33 80  7 17 60 65 83 76 21 88 26 74  0 27 92 19 55 67 18 13 11 53 50 25
 85 99 48 89 16 59 75 10 29 91 84 73  2 95 90 35 44 30 97 69 78 38 14 72
 41]
[89 33 80 83 17  7 65 60 19 27 21 26  0 53 50 48 67 74 85 88 92 55 25 99
 13 18 11 76 16 59 75 10 29 91 84 73  2 95 90 35 44 30  5 70 56 64 82 58
 81  9]
[33 80  7 26  0 88 85 67 55 53 50 48 27 25 99 13 11 17 18 19 21 92 65 60
 74 76 83 89 16 59 75 10 29 91 84 73 90 95 30 66 82  6  8 20  4 64 63 68
 70 15 77]
[16 75 92 67 55 99 85 53 50 48 25 11 13 27 19 18  0 26 74 88 59 21 76 60
 65 17  7 83 80 33 89 91 10 29 73 95 84  2 30 35 90 69 44 78 82 97 38 47
  8 57 23]
[16 59 75 33 80 89  7 83 17 65 76 21 74 60 50 53 48  0 27 67 85 88 92 55
 26 99 18 19 11 25 13 91 10 29 73 95 84  2 90 35 30 44 69 97 78 82 38 57
  8 47 14 66]
[75 59 16 33 80  7 74 25 27 48 50  0 55 67 85 92 53 19 99 11 18 13 21 76
 88 26 60 17 65 89 83 91 95 73 90 84 10 30 29  2 35 44 97 69 78 38  8 14
 82 57 72 41 47]
[ 0 92 88 85 67 55 53 50 48 27 26 25 19 18 99 13 11 74 21 60 76 65 17  7
 83 80 33 89 16 59 75 10 91 29 95 73 69 84 38 57 14 82 66 47 20 78 23 93
 24  3 12 45 62]
[ 0 92 88 85 74 67 55 53 50 48 27 26 25 19 18 99 13 11 21 60 76 65 17 83
  7 89 80 33 16 59 75 10 91 29 84 73 95  2 90 35 30 44 69 97 78 38 14  8
 57 72 82 41 66  6]
[99 92 85 67 55 53 50 48 25 11 13 27 19 18  0 88 26 74 21 60 76 65 17 83
  7 89 80 33 59 75 16 91 10 84 73 29 95 90 70 64 87 28 79 56  4 51 81 63
 61 15 46 96 22 94 31]
[92 88 74  0 27 19 18 85 67 55 53 50 48 25 21 99 13 11 26 60 76 65 17 83
  7 89 80 33 84 10 91 29 73 16 59 90  2 95 75 30 35 44 97 69 78  8 38 82
 14  1 47 23 24 72 57]
[75 59 16 33 89 80  7 83 17 65 76 60 21 74 88 26 27 19  0 67 92 18 13 55
 85 53 50 48 99 25 11 10 29 84 91 40 43 94 86 22 96  4 28 64 70 87  5  9
 79 15 56 81 58 45 68]
[84 10 29 75 91 73 94 43 40 86 96 22  4 64 28 70 87 79 56 15 81  9  5 63
 32 46 42 36 39 58 68 51 62 31 61 98 45 71 37 34 54  3 49 12 93 77 24 23
  1 47 66 52 20 59  6 57]
[40 43 94 22 86 96 87 64 79 15  4  5  9 28 70 58 63 56 32 39 36 34 81 68
 98  1 42 46 45 49 24 37 23 62 61 54 77 52 31 71 51  8 47  6 12 93  3 41
 72 20 82 66 14 57 38 78]
[59 99 85 53 50 48 25 11 55 67 13 18 92 19  0 27 26 74 88 21 76 60 75 65
 17  7 83 80 89 33 16 32 63 42 39 31 46 36 61 98 51 71 54 37 49  3 93 12
 77 66 20 52  2 57 41  6]
[75 84 29 10 59 73  2 91 90 44 35 95 30 97 78 69 38  8 14 72 41 57  6 20
 66 82 93 52  1 77 23 12 98 47 51 61 68  3  5 71 31 24 62 34 54 49 87 58
 79 81 64 63 70 56 42 22  4]
[75 84 29 10 59 73 91  3 39 42 23 47 36 32 63 37 82 81 40 79 87 46 64 77
 98 70 51 56 58 68 61 71 43 86  1 31  4  5 28  9 12 96 94 15 22 34 62 54
 52 49 24 45  8 93 66 20  6 41]
[59 75 89 16 80 33 83  7 17 65 76 60 21 74 88 26 27 19  0 18 13 92 55 67
 11 50 85 53 99 25 48 10 29 84 91  2 73 44 35 90 41 72  6 12 52 77 70 68
  9 71  5 81 82 66  4 86 87  3  1]
[43 94 86 96 40  4 28 70 64 22 56 81 62 87 79 68 15 45  9  5 58 47 34 84
 29 23 82 24  1 10 91 73  8  2 95 90 75 51 31 71 30 57 66  3 42 69 12 46
 60 20 61 93 14 44 32 38 78 35 39 37]
[90 84  2 30 73 44 95 35  8 97  1 82 78 24 23 41 91 72 34 47 38 58 45  6
 68  5  9 29 62 15 79 87 52 81 56 77 22 64 70 28  4 49 14 96 40 94 86 43
 37 54 42 63 39 98 32 61 36 46 51 71 31]
[ 1 24 23 34 68 45 58 87 70 56 28 64 62  5  4 22 40  9 81 94 15 79 86 96
 43 63 47 32 39 36 46 42 98 61 37 51 31 49  8 54 71 82 77 52  3 12 93  6
 20 41 66 72 57 14 38 78 97 69 30 44 35]
[44 35  2 90 95 30 97 78 69 38 14 72 41 57 66  6 20 93  3 12 52 77 73 54
 71 31 49  8 51 37 61 42 98 46 36 39 32 63  1 23 24 34  9 87 58 82 47 15
  5 79 62 68 45 81 22 56 40 64 70 28 43 96]
[71 31 98 58 61 62 51 68  4 32 36 37 28 39 86 40 42 43 22 87 45 46 64 70
 94 15 81 79 96 56  9 63  5 54 34 49  3 24 47 23  1 12 77 93 52 82 66 20
  6 57  8 41 72 14 38 78 69 97 30 44 90 95]
[90 30 95 44 97  8 35 78 38 72 41 82  6 43 49 40 46 36 42 39 54 98 51 52
 56 81 61 63 64 79 70 71 47 34 37 32  3  4  5  9 96 12 94 20 22 15 23 31
 28 86 87 24 93  1 14 58 45 62 68 77 66 57 69]
[75 59 16 84 73 91 90  2 44 10 95 35 29 30 97 78 69  8 38 41 72 14  6 57
 82  1 52 20 23 24 66 77 93 47 34 12 49 45 58  3 54 37 68  9 62  5 61 98
 36 87 70 71 28 22 79 56 15 64 96 81 43 86 51 46]
[84 29 10 91  2 48 99 53 25 85 50 11 67 55 13 92 18  0 19 27 26 88 74 21
 60 76 65 17 83  7 89 80 73 90 33 44 16 75 95 35 59 30 97  8 78 69 38 72
 41  1 14 82  6 23 24 57 47 52 34 20 58 77 66 45 93]
[90 30 35 44 97 78 69 38 95  8 14 72 41 57  6 82 20 52 66 93 77  1 23 24
 47 12 49  3 34 54 45 37 58 68 62 71 31 98  5 61  9 51 81 15 36 56 39 42
 79 87 63 46 22 32  4 64 28 70 96 43 94 40 86  2 84]
[ 9 68 32 79 22 39 40 43 86 15 45 81 87 56 58 70 94 62  5  4 63 96 64 46
 28 42 36 34 98 61 31 51 71 37 24 23 54 49 47  1  3 77 12 82 93 52 66 20
  6  8 57 41 72 14 38 78 69 76 65 17 21 60 83 74 88]
[26  0 92 88 85 67 55 53 50 48 27 25 19 18 99 13 11 74 21 60 76 65 83 17
 89  7 80 33 59 75 16 82 47 54 49 24 23  1 62 68 34 45 61 58 63 79  4 70
 71 81 86 87 94 96 64 56 15 40 31 32 51 98  9 46  5 43]
[40 43 94 22 86 96 64  4 87 15 79  9 70 28  5 58 56 81 68 45 34  1 62 24
 23  8 47 82 84 72 41  6 77 52 49 30 38 63 37 54 98 14 78 20 32 39 93 69
 57 97 12 36 61 66  3 46 42 71 51 31 95 10 29 90 75 59 73]
[75 59 67 55 11 92 18 13  0 85 53 50 48 25 99 27 19 26 88 74 60 21 76 65
 83 17 89  7 80 16 33 10 91 29 84 73 95  2 90 30 35 44 69  8 97 78 82 38
 14  1 23 24 47 57 72 41 34 45 20 62 68 66  6 58 52  5  9 93]
[ 0 92 85 67 55 53 50 48 25 18 13 99 11 19 27 88 26 74 60 21 76 65 17 83
 89  7 80 33 59 16 75 84 10 29 91  2 73 44 35 90 41 72  6 86 43 37 87 94
 40  9 63 56 64 79 61  4 81 51 98 46 42 70 39 36 32 31 28 22 15]
[91 84 90 30 44 95 73 35 97  8  2 10 78 69 29 82 38  1 24 72 23 41 14 47
 34  6 58 57 45 68 62  5  9 52 79 15 20 87 66 81 56 93 77 12 70 22 64 28
 49  3  4 54 37 96 40 86 43 94 71 98 51 61 31 42 46 63 39 36 32 75]
[90 73 84 95  2 29 30 10 44 35 91 97  8 78 69  1 72 41 82 23 38 24 14  6
 34 58 47  5  9 79 15 87 45 52 68 57 62 20 77 22 81 56 93 66 49 64 12 40
 70 28 54  3  4 96 37 94 43 86 98 61 31 51 71 36 39 63 42 32 46 33 89]
[30  8 82  1 23 24 47 34 58 45 68 81  5 22 32 87 46 86 40 39 56  4 64  9
 96 43 62 63 94 15 79 28 61 70 36 98 42 51 31 71 37 54 49  3 77 12 52 93
 20 66  6 72 41 57 14 38 78 97 69 90 95 44 35  2 73 91 74 26 88 27 19 67]
[91 29 73 10 84 95 90  2 30 35 44 33 16 97 69 78  8 38 82 72 14  1 47 23
 24 34 45 62 58 68  9  5 15 79 81 87 56 64 70 94 86 43 22 40  4 96 28 63
 32 36 46 39 42 98 61 31 37 51 71 54 49 57 77  6 41 20 93 52 12  3 66  7
 80]
[95 90 30 84  2 73 44 91 97 69 35 29 78 38 10  8 14 72 57 82 41 66  6 20
 47 23 24  1 52 93 12 45 62  3 34 77 68 58 54 49 81 37 56 51 98 71 31 61
  9  5 15 79 87 42 70 36 39 46 28 32 64 63  4 96 22 86 94 43 40 75 16 59
 33 80]
[70 28 81 94 40 87 42 43 46 22 86 32 36 39 15 63 79 96  4  5 64  9 56 62
 58 61 68 98 51 45 31 71 34 37 54 49 47 24  3 23  1 12 77 93 82 52 66 20
  8  6 57 41 72 14 38 69 78 30 97 95 73 90 91 35 44 10 29 84  2 75 16 59
 33 88 89]
[29 91 95 84 30 73  2 90 10 28 86 94 43 96 70  4  1 40 64 82 22 79 56 68
 15 81 34  5 58  9 87 23 24 62  8 45 47 31 32 63 39 71 46 42 36 61 51 98
 54 97 35  3 69 78 12 66 20 37 49 93 77 52 57 38 44 14 41 72  6 75 16 33
 59 80 83]
[40 94 43 22 86 96  4 64 30 28 70 87 79  9  5 15 56 58 62 34 81  1 68 45
 24 23  8 82 95 47 69 78 41 72 38 97 14  6 52 57 20 66 93 77 12 49 54  3
 37 98 61 36 51 71 39 31 42 46 63 32 90 35 44 73 91  2 29 84 10 75 59 16
 33 89 80]
[ 8  1 82 58 23 24 34 79 47  9  5 87 45 68 15 72 81 62 22 97 41 70 64 38
 56  6 78 30 14 28 40 57  4 69 20 94 86 96 43 77 93 52 49 66  3 12 54 71
 42 61 63 37 98 31 46 32 39 36 51 95 90 35 44 73  2 91 84 10 29 21 74 88
 26 27 19]
[91 95 10 73 90 84 29 30 82  8 79 47  1 87 24 58 23 43 68 22  9 34 15 96
  5 81 40  2 64 94 70 45 86 56 62  4 28 35 65 76 21 74  7 17 26 19 88 27
 18  0 13 92 60 55 11 67 99 50 53 85 25 48 83 44 80 69 89 33 78 71 31 51
 97 46 42]
[95 91 30 82  8 81 47 62  4 86 45 28 70 56 96  1 24 94 43 64 23 68 71 57
 38 34 31 69 58 20  5  3 51 66 15 14  9 22 93 87 40 79 78 42 61 46 12 97
 37 54 36 39 32 41 72 77 49 98 63 90  6 52 35 73 44  2 84 10 29 75 59 16
 33 11 55 92]
[91 10 48 85 53 25 99 50 67 55 92  0 11 13 18 88 27 26 19 60 74 21 65 76
 17 83  7 89 80 29 33 73 84 16 75 59 95 30 90  2 35 69 82 44 47 78 97  8
 14 38 57 62 24 66 81 23 45 20  1  3 68 41 51 72 56 34 93 28 31 12 71  4
 61  6 70 64 58]
[94 43 86 96 40  4 22 64 28 70 87 79 56 81 15  9  5 68 62 58 45 34 47 24
 63 23  1 32 39 36 46 82 42 98 61 71 31 51 37 49 54 77  3 12  8 93 52 20
 66  6 72 41 57 14 38 78 69 97 30 95 90 35 91 44 73 10  2 84 29 16 75 33
  7 65 83 60 17]
[95 30  8 82 38 57 14 69 47 66 20  1 23 24 41 93 34 62 45 72 52 12 68  3
 77 81 56 58 54  5  9 49 78 37 15 71 87 79 61 63 64  4 22 86 98 51 94 28
 43 32 40 70 31 36 39 46 42 96  6 97 90 35 44 73 91  2 84 29 10 16 75 59
 33  7 80 48 25]
[91 10 73 84 95 29 90  2 30 35 44 97 69  8 78 82 40 43 94 86 96 22  4 64
 47 28 70 56  1 81 15 87 79  9  5 62 68 34 45 24 58 23 38 14 72 41 57  6
 20 12 93 77 52 66  3 54 37 63 49 98 46 71 36 51 61 39 31 42 32 89 33 80
 83  7 17 65 76]
[43 40 94 86 96  4 22 64 28 70 56 87 15 79 81 62  9  5 68 63 58 32 47 45
 46 42 39 36 34 98 61 51 71 31 24  1 23 37 54 49 82  3 12 77 93 52 66 20
  6  8 57 72 41 14 38 69 78 30 97 95 90 44 35 91 73  2 84 10 29  7 65 60
 76 83 88 21 17 26]
[43 40 94 86 96 22  4 64 28 70 87 79 15  5 56  9 81 68 58 62 34 45  1 23
 24 47 82  8 98 32 39 49 63 42 31 36 37 61 46 71 54  3 12 51 77 52  6 20
 93 66 57 72 41 14 30 38 78 69 97 95 90 35 44 91  2 73 84 29 10 19 18 13
 74 11 55 50 99 27]
[54 81 28 61 32 56 36 22 63 37 64 39 79 94 58 15 42 43 70 96  9 46 71 87
  5  4 98 86 51 40 31 34 49 62  3 45 68 12 24 77 23  1 47 93 52 66 20 82
  6 57  8 41 72 14 38 78 69 97 30 95 90 35 44 76  7 65 21 17 74 60 26 19
 27 88 18 13 83  0]
[56 43 28 86 22 15 94 64 81 96 40 70 79  4  5 87  9 63 32 46 62 68 39 42
 45 36 58 51 31 34 71 98 61 47 37 24 23 54  1  3 49 82 12 93 77 66 20 52
  8 57  6 14 41 72 38 69 78 30 97 95 90 91 35 44 89  7 80 83 17 76 65 21
 60 74 27 18 88 92 85]
[31 51 81 79 47 42 32 36 39 40 43 45 46 94 56 58 61 62 63 64 68 70 71 87
 98 28 86  4  5 22  9 96 15 34 37 54  3 24 23 82 49  1 12 93 77 66 20 52
 57  6  8 14 41 72 38 69 78 30 95 97 90 35 73 44 91  2 10 29 84 16 33  7
 80 17 83 76 65 89 21]
