[89]
[89]
[89 80]
[89 83]
[89 83]
[89 83]
[89 83]
[89 83]
[89 83]
[89 83]
[89 83 60]
[83 89 60 17]
[75 16 59 33]
[75 59 16 33 80]
[75 16 59 33 80  7 89]
[75 16 59 33 80  7 17 83]
[75 59 16 33 80 89  7 83]
[75 59 16 33 89 80  7 83 17]
[75 59 16 33 80 89  7 11 13 85]
[75 59 16 33 80 89  7 11 13 85 99]
[75 59 16 33 89 80 25 48 53 85 99 50]
[75 59 16 33 80 89  7 83 17 65 76 21 74]
[75 59 16 33 80 89  7 83 17 65 76 60 21 74]
[75 59 16 33 80 89  7 83 17 65 76 60 21 74 88]
[75 59 16 33 80 89  7 83 17 65 76 60 21 74 88 26]
[75 59 16 33 80 89  7 83 17 65 76 60 21 74 88 26 27]
[75 59 16 33 80 89  7 85 48 99 50 53 25 11 13 18 67 55 92]
[75 59 16 33 80 89  7 83 17 65 76 60 21 74 88 26 27 19  0 18]
[75 59 16 33 80 89  7 83 17 65 76 60 21 74 88 26 27  0 19 92 18]
[75 59 16 10 33 91 80 89  7 83 29 17 65 76 60 21 74 88 26 27 18 67]
[75 59 16 10 91 29 84 73 33 80 89  7  2 83 17 90 95 65 76 60 21 74 88]
[ 8 23  1 47 24 22 86 51 87 28 40 54 31 32 46 43 42 36 98 56 94 58 81]
[ 8 30 82  1 23 24 47  3 93 52 56 79 31 32 34 36 70 51 39 40 86 42 43 98]
[ 8  1 58 34 56 22 87 54 28 42 94 45 31 32 43 40 46 36 61 63 81 79  4  5
  9]
[75 10 84 91 29 73 90 59 95  2 30 44  8 82 68 39 40 42 43 37 49 45 46 98
 64 51]
[75 10 91 84 29 73 59 90 95  2 30 44 43 40 45 39 46 98 51 87 86 37 56 58
 61 62]
[84 91 10 73 29 95 90 30  1 34 82 58 61 36 37 39 40 42 43 87 45 47 68 63
 98 71 51]
[40 43 94 86 22 96  4 64 70 28 79 87 15  9 56  5 81 58 68 45 62 34 24 23
  1 32 63]
[84 91 73 29 10 90 95  2 30 44 35 97 78 69  8 38 82 72 41 14 47 23  1 24
  6 34 52 98]
[66  3 57 20 93 12 71 51 31 54 61 37 52 77  6 49 42 46 98 36 39 32 14 41
 82 63  8 72 47]
[30 97 78 41 38 72  8 14  6 57 52 82 20 77 66  1 93 23 24 12 47 49 54  5
 34 45  3 37 51 94]
[84 29 10 73  2 91 90 44 95 35 30 97 78 69 38  8 41 72 14 75  6 57 82  1
 20 52 23 24 66 47 93]
[84 29 10 73 91  2 90 44 95 35 30 97 78 69 38 72 41  8 14  6 57 82 20 52
 47 66 23 24  1 77 93]
[90 84 30 44 95 97 35 78 69  2 38  8 72 41 14  6 82 57 20 52 47 66  1 24
 77 93 23 49 12 34 96 54]
[ 8 82  1 24 23 47 45 58 68 34 62 87 86 28 54 49 31 32 36 37 46 39 40 51
 98 56 42 71  3  4  5 70]
[84 29 10 73 91  2 90 44 95 35 30 97 78 69 38 72 41  8 14  6 57 52 20 82
 66 77  1 93 23 24 12 49]
[84  2 90 29 73 44 35 10 95 30 91 97 78 69  8 38 72 41 14 82  6  1 23 24
 57 47 34 52 20 58 66 77 45]
[84  2 73 29 90 44 10 35 91 95 30 97 78 69  8 38 72 41 14  6 82 57  1 24
 23 20 47 52 66 34 93 77 12 58]
[40 43 94 86 22 96 64  4 28 70 87  9  5 15 79 58 56 81 68 45 34  1 62 23
 24 63 47 32 39 36 46 42 98  8 82]
[69 82 57 38 14 47 66 20 62 23 24 78 45 93  3 12 68 81 34  8 56  1  6 52
 71 41 31 51 72 77 28 58 70 54 61 37]
[84  1 47 24 23 42 34 36 37 39 40 43 45 46 98 51 58 61 63 64 87 68 70 71
 79 81 32 31 86 15  4 94 22 28 96 49 12]
[84 29  2 10 73 90 91 44 35 95 30 75 97 78  8 69 38 72 41 14  6  1 82 23
 24 57 52 47 20 34 77 66 58 93 45 68 12  5]
[75 59 16 84 33 74  0 26 27 48 50 55 25 67 85 88 92 53 19 99 11 18 13 21
 60 76 65  7 17 83 80 89 29 10  2 73 91 90 44]
[84 29 10  2 73 75 91 90 44 35 59 95 30 97  8 82  1 23 24 47 78 41 72 34
 45  6 58 62 68  9 40 20 71 15 94 93  5 36 52 39]
[84 29 10 73  2 91 90 75 44 95 35 30 59 97  8 69 78 82  1 24 38 23 47 72
 14 41 34 57  6 45 58 68 62  5  9 20 15 52 66 79 81]
[84 29  2 10 73 90 91 44 35 95 30  8  1 64 22 15 70 94 43 40 28 23 87 96
 86 45  4 79 42  9 56 32  5 39 58 36 46 61 34 81 98 63]
[84 29  2 10 73 90 91 44 35 95 30 63 94 86 40 46 39  4 43 96 42 28 64 36
 51 32 31 61 22 70 98 71 87 15 79 56 37  9  5 81 54 49 58]
[47 34 45 66 68 93 23 62  3 58 12 24  9  5 81 54 49 15 79 77 56 37 36 39
 28 87 71 63 22 51 64 31 32 98 96 46 70 61 42  4 94 43 40 86]
[33 80  7 17 65 76 21 85 67 25 55 53 50 48 88 27 26 92 74  0 99 19 11 13
 18 60 83 89 16 59 75 91 10 73 95 35 44 90 30 29 22 63 15 86]
[95 30 69 78 38 57 14 82  8 66 72 41 20  6 93 47 12  3 52 23 77 24  1 97
 54 71 49 31 51 37 62 34 45 61 68 98 42 46 36 81 39 58 32 56 63]
[95 57 14 66 82 20 93 12  3 52 47 77 46 23 36 61  6 58 31 71 42 68 81 98
 51 62 54 37 39 63 45 56 79 87 49 24 32  9 15  5 34  1 22  4 94 43]
[ 0 92 85 67 55 53 50 48 25 13 11 99 88 27 18 19 26 74 60 21 65 76 83 89
 17 80  7 33 16 59 75 91 95 30 73 69 10 78 90 82 38 57 97 14 35 47 66]
[95 91 73 30 90 35 44 97 69 78  2 72 41 38  8  6 14 57 52 82 77 20  1 49
 66 93 24 23 47 12 54 37 34  3 58 45 98 68 62  5  9 61 79 39 15 87 71 42]
[82 49 37 58 68 66 12  1 71 57 51 98 47 45 43 40 39 46 54 61 56 36 62 63
 64 86 70 77 79 81 87 34 42  4 23 24 93  5  3 22 94 28 15 96 31 32  9 20
 52]
[95 30 69 78 38 14 57  8 72 93 82  6 41 24 39 40 43 45 46 47 49 54 87 37
 61 63 64 66 86 70 71 79 51 36 42 34  4 94 22  5 15 12  3 96 28  9 31 32
  1]
[95 91 30 35 69 97 90 78 44 73 38 14 72 57 41  6  8 20 66 52 93 82 54 77
 79 40 43 45 64 47 51 86 70 68 58 71 37 49 34 94  5 36  9 12  3 28 96  4
 24 22]
[95 69 30 78 38 14 56 58 47 57 37 36 81 43 45 46 34 39 40 49 87 61 62 63
 64 86 68 70 79 82 98 32 42 96  5 31 15  9  4 22  3 94  1 28 23 12 71 51
 54 24]
[95 91 73 30 35 90 44 97 69 78  2 84 38 14 72 41 57  8  6 82 20 23 68 46
 47 81 79 98 77 51 52 87 86 70 56 58 61 62 45 64 71 66 54 63 49 42  1  3
  4  5  9]
[37  5 81 28 31 32 36 39 40 42 43 46 98 54 86 56 58 61 63 64 79 68 70 71
 51 87 49  4 22  9 96 15 94 77  3 62 34 12 45 93  1 52 24 66 23 20 47  6
 82 57 41 72]
[ 0 92 85 67 55 53 50 48 27 25 19 18 13 99 11 26 88 74 21 60 76 65 17  7
 83 80 89 33 84 29 75 10 16 59  2 73 91 90 44 35 95 30 69 87 79 70 64 40
 86 94 28 22 96]
[69 78 38 14 57  8 82 72 41 20 66 61 52 23  6 54 98 51 43 40 39 47 46 49
 56 58 62 63 64 86 68 70 71 79 87 37 42 12 34 96 32 31 15  9 36  5 94 28
  4 22  3 93 24]
[69 66 57 49 32 36 37 39 40 43 46 98 51 56 31 63 64 87 70 71 86 77 81 54
 28 42 96  4 94 22 79 93 20 12 58 61 62  9 68  5  3 15 45 52 34 47 24 23
  6 82  1 14 41]
[16 33 95 80  7 89 17 83 65 76 21 60 74 91 26 88 27 19 50 48  0 55 85 92
 53 67 99 25 11 13 18 30 90 35 69 97 44 78 38 82 14 57  8 72 47 66 41 20
  6 23 24 93  1]
[16 33 80  7 89 17 83 65 76 21 60 74 88 26 48  0 53 55 67 85 92 50 25 99
 18 13 11 19 27 69 38 14 78 57 72  8  9 68 64 63 70 71 66 24 62 79  6 81
 82  5  4 86 87  3]
[33 80  7 89 16 83 17 65 76 60 21 74 88 26 27 48  0 53 55 67 85 92 50 25
 99 11 13 19 18 69 78 38 14 97 20 66  6 57 72 82 41 23 70 68 64 71  9 79
 77 63 81  5  4 86 87]
[95 69 78 97 38 14 41 72 20 66 93  8  6 82 57 79 42 43 45 46 47 98 51 52
 87 54 56 70 58 61 77 39 62 63 64 71 68 86 49 40 81 96 94  9 37  5 22 23
 24  4 12 28  3  1 31 32]
[82 52 20 93 66 49 51 98 47 46 45 43 40 39 37 54 56 57 58 87 61 62 63 64
 86 68 70 71 77 79 81 36 34 42 32  1 31  3  4  5 28  9 12 96 15 24 23 94
 22  6 14 41 72  8 38 69]
[38 14 57 82 72 41 20  8 66  6 47  3 77 93 34 24 23 45 49 68  1 12 87 43
 46 81 79 86 98 51 52 54 56 71 58 70 61 62 64 63 42 39 96 40 22 94  9 28
  5 15 36 32  4 31 37 69 78]
[71 32 36 28 39 86 87 40 42 22 43 46 70 15 94 79 64 63 96  4 56 31  5 62
 61  9 98 81 51 34 58 45 37 54 68 49  3 47 77 12 24 23  1 93 52 66 20 82
  6 57 41 72  8 14 38 78 69]
[43 81 79 70 68 64 62 58 56 45 87 40 34 28 94 22 86 96  9  5 15  4 47 39
 42 23 63 32  1 46 36 24 51 31 61 71 98 82 37 54  3 49  8 12 93 77 66 52
 20 57  6 14 41 72 38 30 69]
[84 73 29  2 90 91 95 35 44 30 97 69 78  8 38 82 14 72 57  6 41 47 20  1
 23 24 98 51 54 56 49 61 62 63 46 66 87 68 70 71 77 79 81 58 64 42 43  3
  4  5  9 12 96 15 94 22 93]
[16 84  2 90 73 95 44 30 35 97 78 69 29  8 38 82 14  6 47 66 20  1 23 24
 46 98 79 51 52 77 54 87 70 57 72 58 86 61 62 45 64 71 68 56 63 49 42  3
  4  5  9 12 96 15 94 43 22]
[84 73  2 90 95 44 35 30 97 69 78  8 38 14 47 82 41 52 51 46 54 45 43 98
 56 49 58 61 62 64 66 87 68 70 71 72 77 79 81 57 63 42 39  3  4  5  6  9
 12 96 15 94 40 22 93 20 86 37]
[84 73 91  2 29 90 95 44 35 30 10 97 69 78  8 38 82 14 72 41 57  6 47 46
 54 45 98 51 52 58 56 79 77 61 62 63 87 68 70 71 86 81 64 49 42  5 43 22
 23 24  4  9 93 15  3 28  1 32 96]
[91 84 73 29 10  2 90 95 35 44 30 97 69 78 38 14  8 57 72 82 41  6 20 66
 54 43 70 64 63 45 46 79 62 61 98 71 58 42 51 56 49 34 39  4  5  9 96 15
 94 93 87 40 22 24 86 28 31 32 81 36]
[84 91 73 29 10  2 90 95 30 35 44 82 69 97  8 47 78 23 24  1 62 34 38 45
 68 81 58 14 56 57  9  5 15 79 70 87 28 41 72  4 64 96  6 66 20 86 22 94
 93 43 52 40 12 77  3 37 49 54 98 51]
[95 30 90 69 78 91 97 73 38 35 44 14  2  8 57 72 41 82 66 20  6 47 93 24
  1 52 23 12 77  3 34 45 68 62 49 54 37 58 71 81 61 31 51  9  5 56 15 98
 79 87 42 32 36 46 84 39 70 63 28 64  4]
[43 94 86 40 96  4 28 64 70 22 56 81 87 79 15 62  5 68 46  9 45 31 42 51
 63 32 58 34 47 71 36 39 98 61  3 23 24 37 82 54  1 12 66 93 20 77 49 57
  8 52 14 38  6 69 41 72 78 30 97 95 35]
[19  0 92 85 67 55 53 50 48 27 25 18 13 99 11 26 88 74 21 60 76 65 17 83
 89  7 80 33 69 78 38 97 14  8 57 30 72 41 82  6 20 66 47 23 52  1 93 24
 12  3 77 34 62 45 68 71 58 49 54 37  9 28]
[40 96 64 94 70 22 86  4 28 43 56 87 79 15 81  9  5 68 62 58 45 34 24 23
 47  1 82  8 63 39 32 42 36 46 98 71 61 31 51 37 49 54  3 12 77 93 52 66
 20 57  6 72 14 41 38 30 78 69 97 95 90 35]
[48 25 85 53 99 50 11 67 13 55 92 18  0 19 27 26 88 74 60 21 76 65 17 83
  7 89 80 33 16 43 94 40 22 96 86  4 64 70 28 87 15 79  9 63  5 56 32 39
 81 46 42 58 36 68 62 98 51 45 31 34 61 71 37]
[82  8 47 23  1 24 34 45 62 68 81 58  5 56  9 15 28 70 79 87 40 43 36 37
 49 54 61 63 64 71 51 32 86 31 96  4 22 94 42 98 39 46  3 12 77 93 52 66
 20  6 57 41 72 14 38 78 69 30 97 90 95 44 35 59]
[82 47 23 24  1 62 34 45 68 81 56 58  5  9 15 79 87 70 28 64  4 96 22 86
 94 43 40  8 63 98 32 39 46 42 36 37 51 77 49 54 61 71 31  3 52  6 41 72
 93 12 20 66 14 57 38 78 97 69 30 44 35 90 95  2 73]
[33 80  7 89 17 83 65 76 60 21 74 26 27 48 50  0 55 67 85 88 92 53 25 99
 13 11 19 18 16 59 75 91 73 95 84 10 29 90 30 35 69 82 78 97 38 47 57  2
 44 14  8 62 66 45 23 20 81 24 34 68 41  1 72 56 93]
[33 80  7 89 17 83 76 65 21 74 60 26 19 88 27 18 13  0 92 11 55 67 50 99
 53 85 25 48 16 59 75 82  8 47 24 23  1 93 45 34 66 62  3 68 12 58 81 54
 71 56 49 51 31  5 37  9 64 39 28 79 36 70 63 32 61 42]
[33 89 80  7 83 17 65 76 60 21 74 88 26 27 19 18  0 13 92 55 11 67 25 48
 85 50 53 99 16 59  8 20 54  3 28 61 62 24 64 12 66 68 70  9 79 81 82  5
  4 86 87  1 93 94 96 71 58 63 56 39 42 36 43 34 23 45 32]
[33 80  7 89 83 17 65 76 21 60 74 26 88 27 19 13 18 67 55 53 50 85 48 92
  0 99 11 25 16 59 75 82 47 62  8 24 45 23 68 81 56 34  1 70 28 58  4 96
  9  5 64 15 79 86 87 94 43 22 40 51 36 71 63 49 61 37 39 42]
[80 33 89  7 83 17 65 76 60 21 27 19 18  0 67 74 55 53 50 48 26 85 88 92
 25 99 13 11 16 59 95 75 30 69 78 35 97 90 38 44  8 14 82 57 72 41 73 47
  6 66 23 20 24 91  1 93 52 12 77 34 62 45  3 68 58 81 54 49 37]
[99 85 48 25 53 50 11 67 13 55 18 92 19  0 27 26 88 74 21 60 76 65 17 83
  7 89 80 33 16 59 75 91 95 10 73 30 69 78 97 38 82 14  8 47 57 72 24 41
 23 62  1 45 34 68 66 81  6 20 56 58 93 52 70 28  9  5 12 15 79]
[33 80 89  7 83 17 65 76 60 27 88 74 26  0 48 67 53 55 85 92 50 25 99 11
 13 19 18 21 16 59 75 95 69 30 78 82 38  8 57 14 47 41 66 72 23 24 20  1
  6 62 45 34 93 68 12 52 81  3 56 77 58  5  9 54 49 15 71 31 79]
[48 85 99 50 25 53 11 13 18 67 55 92 19 27  0 74 26 88 21 76 60 65  7 17
 83 80 89 33 16 59 75 97 30 44 35 78 69 38  8 72 41 95 14  6 57 82 52 20
  1 66 23 77 24 47 93 12 34 49  3 54 45 58 62 68 37  9  5 81 98 15]
[33 80 16  7 89 17 83 65 76 60 21 74 88 26 27 19  0 18 92 13 55 67 11 53
 85 50 48 99 25 59 75 91 73 10 95 29  2 90 35 30 44 69 97 78 38 14 82  8
 57 41 72 47 66 20 24  6 23  1 93 62 52 45 34  3 12 68 77 81 58 56 54]
[16 19  0 92 85 67 55 53 50 48 27 25 18 99 13 11 26 88 74 21 60 76 65 17
  7 83 33 80 89 59 75 91 10 86 43 94  4 96 70 28 40 64 56 81 22 62 73 68
 95 45 47 79 87 15  9 82  5 34 29 58 24 23  2 35  1 90 30 44  8 69 97 78]
[16 33 80  7 89 83 17 65 76 60 21 74 88 26 27 19  0 18 92 55 67 13 11 53
 85 50 99 25 48 59 75 94 40 86 43 96  4 64 22 70 28 56 81 79 87 46 32 15
 42 63 39  9  5 36 31 62 51 68 71 61 45 58 98 34 37  3 54 47 23 24 49 12
  1]
[16 33 80  7 89 83 17 65 76 60 21 74 88 26 27 19  0 18 92 13 55 67 11 25
 50 85 53 48 99 59 75 10 91 29 95 73 84 30 90  2 35 69 78 97 44  8 38 82
 14 57 41 72  1 47 23 24 66  6 20 34 45 93 52 58 68 62 12 77  3  9  5 79
 49 61]
[ 7 99 85 53 50 25 13 48 67 11 18 92 55 27 19  0 26 88 74 21 60 76 65 17
 83 80 33 89 16 59 75 10 29 84 91 73  2 95 90 30 35 69 78 97 38 14 57 41
 72  8 82  6 20 24 37 77 36 79 34 81 32 31 87 86  9 23 22  1 93 94 96 12
 28 39 47]
[57 82 14  8 66 20  1 68 52 62 93 47 24 98 49 45 42 40 39 37 46 43 81 36
 54 79 56 58 77 61 63 64 51 70 71 94 96 12 15 34  6 87 22  5  9  4 23  3
 28 31 32 86 69 41 38 72 78 97 30 95 35 44 90 73  2 91 84 29 10 48 25 85
 99 53 50]
[95 91 30 69 78 38 14 57  8 41 82 72  6 20 52 93 66 54 45 62 34 24 49 77
  3 12  1 70 87 98 22 51 96  9 56 58 81 47  5 63 64  4 79 68 71 61 23 86
 94 31 36 37 46 28 39 40 15 42 43 32 97 35 73 90 44  2 10 83 60 65 89 76
 17 21 88]
[91 95 73 90  2 30 35 44 84 69 97 82 78  8 47 38 23 24 62  1 45 14 34 68
 57 81 56 72 58 41  5  9 66 15 70 79  6 20 87 28  4 64 93 96 52 86 12 22
  3 94 77 43 40 63 61 49 51 31 54 71 37 36 42 46 39 98 32 29 10 88 85 74
 92  0 27]
[65 76 21 60 74 25 26 27 48 50  0 55 67 85 88 92 53 19 99 18 11 13 17 83
  7 89 80 33 16 59 75 91 73 10 29 84 95  2 90 35 44 30 97 69 78 38 14 41
 72 57  6 66 24 96 71 94  5 93 77 20 79  1 23 81 70  3 86 87  4 22 64 63
 31 32 28 34]
[ 7 17 65 83 76 60 21 85 67 25 88 55 53 50 48 27 26 92 74  0 99 19 18 11
 13 80 89 33 16 59 75 91 10 73 29 84 95  2 90 35 30 44 97 69 78 38 57 71
 72 70 15 79  5 31  3 81  4 86 87 23 22  1 93 94 96 24 68 49 32 36 37 39
 40 42 43 45]
