[16]
[16 85]
[59 16]
[75 63]
[40 63]
[75 59]
[75 59]
[75 86]
[75 86 96]
[86 96 70]
[96 86 70  4]
[86 96 70  4 28]
[86 96  4 70 28 56 81]
[70 86 96  4 28 56 81]
[75 59 10 91 16 29 84]
[75 59 10 91 16 29 84 73]
[75 59 10 91 16 29 84 73]
[75 59 10 91 16 29 84 73 95]
[75 59 10 91 16 29 84 73 95 33]
[75 59 10 16 91 29 84 73 95 33 90]
[75 59 91 16 10 29 73 95 84 33 90 30]
[75 59 16 91 10 29 73 84 95 33 90 30  2]
[75 59 91 10 16 29 73 95 84 30 90  2 35 69]
[75 59 91 16 10 95 73 29 30 84 90 69 82 47 35]
[75 59 91 16 10 95 73 30 29 90 69 84 82 78 35 47]
[75 59 91 95 10 73 30 69 90 29 82 78 35 97 47 38 62]
[95 30 69 82 78 47 97 38 62 57  8 14 23 45 24 81 68 56 34]
[95 30 69 82 78 47 97 38 57 62 14  8 45 81 56 23 24 68 66 34]
[95 91 30 69 82 78 47 97 38 57 62 14  8 81 45 68 23 24 56 66 34]
[95 30 69 91 82 78 47 97 38 62 57 14  8 81 45 56 24 23 68 34 66]
[91 95 30 69 73 82 78 97 47 38 57 14 90  8 62 45 23 81 24 56 68 66]
[91 95 30 75 73 69 10 82 78 47 97 90 38 35 57 14 62  8 23 45 81 24 68]
[91 95 30 73 10 69 82 90 78 47 97 38 57 14  8 62 81 23 24 45 35 68 56 66]
[75 91 10 95 59 73 29 84 30 16 69 90 82 35 78 47 97  2 38 57  8 14 62 24
 23]
[95 82 47 30 62 81 45 23 24 68 56  8 34  1 28 70  4 96 58 64  5 86  9 15
 79 87]
[97 30 82 78 69 47 38  8 14 57 62 81 45 72 23 68 56 24 41 44 66 34  1 28
 20 70]
[95 30 69 82 78 47 90 97 38 57 62 14  8 45 81 23 24 68 56 66 34  1 28 70
 20  4 72]
[95 30 69 82 78 47 97 38 57 62 14  8 81 23 56 45 24 68 66 34  1 70 28 20
 72 41  4 96]
[82 57 47 66 23  1 24 20 12  3 93 45 34 62 81 51 31 56 37  9 68  5 58 54
 28 46 39 40 36]
[ 8 38 14 82 57 72 52 43 45 81 46 47 41 40 98 39 42 79 37 54 56 58 77 61
 62 63 64 66 68 70]
[71 31 51  3 42 46 61 66 32 39 12 36 93 57 98 37 20 54 63 82 47 62 81 56
 28 70 86 49  4 96 77]
[40 86 94  4 43 22 96 28 64 79 70 32 87 15 46  9  5 36 63 39 42 56 81 98
 58 61 31 51 68 71 62]
[69 38 82 14 78 57  8 47 66 20 41 72  6 24 23 31 58 62 93 51 15 68  3 81
 46 45 43 98 42 63 56 61]
[69 38 78 82 14 30  8 57 47 72 41 66  6 20 62 52 24 23 68 45  1  3 34 31
 51 37  5 56 93  9 77 71 81]
[94 96 28 40 86 70 43  4 22 64 56 81 87 79 15  9 62  5 46 63 32 42 68 39
 36 45 58 51 31 61 71 98 34 47]
[95 30 91 69 90 82 47 78 57 38  8 14 62 66 23 24 45  1 81 68 34 93 20 56
  3  5 28 77  9 58 12 70 49 52 79]
[75 91 16 10 59 29 33 73 84 80  7 50 89 48 85 99 13 53 18 11 83 17 25 67
 92 19 55 65 27 74 76  0 21 26 60]
[75 48 85 25 99 53 50 11 13 67 18 55 92 19  0 27 26 74 88 16 59 21 60 76
 65 17  7 83 80 33 89 91 10 29 73]
[75 59 16 33 18  0 67 55 27 92 85 53 50 48 25 99 13 11 19 88 26 74 21 60
 76 65 17 83 80  7 89 91 10 29 73 84]
[91 95 30 69 78 38 14 57 86 28 54 31 32 87 52 49 37 39 40 81 42 43 98 36
 51 58 45 79  3  4  5 77 71 70  9 56 96]
[91 95 30 69 78 38 14 57 98 32 87 62 34 61 36 37 52 51 39 81 42 31 56 43
 58 45 46 47 40 49 64 28  1 79  3  4  5  6]
[91 95 30 69 78 38 14 57  6  1 62 24 23 41 68 93 58 36 37 98 79 39 40 54
 47 46 45 81 42 51 43 52 61 63 28 64  3  4  5]
[91 95 73 30 16 10 69 97 78 38 14  8 57 82 72 41  6 20 66 23 24  1 47 86
 87 45 51 54 52 98 46 62 58 61 63 64 81 68 70 71]
[48 25 85 99 53 50 11 67 55 13 92 18  0 19 27 26 88 74 21 60 76 65 17  7
 83 80 89 33 16 63 32 36 39 46 42 98 61 31 51 71]
[49 70 82 64 63 54 86 87 45 43 42 37 36 28 22 40  4 96 94  3 77 58 24 12
 52 66  5 39 79  9 46 47 15 51  1 56 98 32 31 68 61]
[49 47 24  1 46 62 61 28 86 87 31 32 58 34 98 56 39 40 42 43 54 45 36 37
 51 22 81  4  5 79  9 23 96 71 15 63 94 70 64 68  3 52]
[ 1 77 24 23 49 34 36 37 39 40 42 87 45 46 47 98 51 56 58 61 62 63 64 68
 70 71 79 81 82 32 31 43 86  9 28 12  3  4 96 93 22 15  5]
[34 40 36 79 42 32 31 43 45 28 46 98 22 87 51 86 94 63 81  4  5 70 68 64
  9 56 39 62 61 96 58 15 71 24 37 47 23  1 54 49  3 82 12 77]
[ 8 30 82 38  1 14 72 41 23 24 78 47 57  6 34 58 45 20 62 68 69 52 66  5
  9 93 79 15 81 87 49 70 77  3 12 63 61 86 54 71 51 64 46 98 31]
[43 31 98 51 28 87 86 36 22 42 56 94 61 32 15 62 96 81 79 40  4  5 39 63
 71 70  9 68 64 46 54 58 45 37 49 34 24 47  3 23  1 12 77 93 82 66]
[91 95 30 69 78 97 38  8 14 72 41 57 82  6 20  1 66 52 47 93 37 39 40 42
 49 87 46 36 98 94 54 56 43 34 32 15 86  3  4  5  9 12 81 68 79 77 64]
[99 85 53 50 48 25 67 55 11 92 13 18  0 19 27 26 88 74 21 60 76 65 17  7
 83 80 89 33 43 94 86 96 40  4 46 28 32 42 70 39 64 51 31 63 36 71 61]
[85 11 99 48 50 13 18 53 19 25 55 67 27 74 92 16 76 26 21  0  7 65 88 33
 17 80 60 83 59 75 89 91 10 29 73 84 95  2 90 30 35 69 44 82 78 97 47]
[16 33  7 80 76 17 74 65 59 21 75 83 19 89 27 18 60 26 13 11 88 92 55  0
 67 50 99 85 53 48 25 91 10 29 73 95 84  2 90 30 35 44 82 69 47 62 81 56]
[48 25 53 85 99 50 67 55  0 92 11 13 88 18 26 27 19 74 21 60 76 65  7 17
 83 80 33 16 89 69 38 14  8 57 72 41  6 82 20 66 52 93  1 77 24 23 12 47]
[57 14 20 66 49 31 32 71 70 36 37 39 40 42 43 46 98 51 52 54 64 56 63 28
 79 61 94 96  3 12 15 87 86 93  4 22  6 77 68  9 58 45 34  5 62 81 24 23
  1]
[85 48 99 25 53 50 11 13 67 18 55 92 19 27  0 74 26 88 21 76 60 65  7 17
 83 80 33 89 16 69 38 57 14 66 20 72  6 93 70 41 12 28 63 64 61 77 71 56
 79 86]
[16  1 20 57 47 66 24 82 14 12 52 77  6 54 36 37 39 40 42 63 64 43 71 45
 58 46 70 34 98 56 51 68 49 31 61  3  4  5 96  8  9 94 15 32 87 86 62 22
 23 81 79]
[69 78 38 14 57 41 72  6 82 28 31 32 70 63 36 61 42 43 68 45 46 98 66 51
 40 39 77 56 58  3  4  5 96  8  9 94 52 87 93 15 86 81 79 22 23 64 12 20
 62 47 71]
[49 34 36 37 39 40 43 45 46 98 94 51 54 56 58 61 62 63 64 87 68 70 71 77
 79 81 32 31 42 86 28 12  9 22 23 24 15  4  3 96  5 47 66  1 20 82 93 52
  6 57  8 14]
[49 32 34 36 37 39 40 42 43 45 46 82 98 81 51 79 54 56 58 77 61 62 63 64
 71 68 31 28 70  3 96 87  1 86 24  9 15 22  4 12  5 94 47 20 66  6 23 57
 93 52  8 41 72]
[57 14 82 66 20 93  3  8 77 12 47 24 23 52 31 45 81 98 36 37 34 68 61  1
  5 62 51  9 39 71 58 70 43 56 63 42 64 54 46 40 49 79  4 32 96 28 15 94
 86 22 87  6 41 72]
[85 48 99 53 50 25 11 13 18 67 55 92 19 27  0 74 26 88 21 76 81 87 70 43
 64 79 28 40  4 22 86 94 96  9 56 15  5 63 39 62 68 36 58 32 46 42 45 71
 51 31 61 98 34 37 47]
[48 25 53 99 85 50 67 11 92 55 13 18  0 19 27 88 26 74 21 60 76 65 17  7
 83 96  4 94 86 70 28 43 40 64 56 81 22 62 68 87 45 79 15 47  9 80  5 33
 82 58 34 51 31 71 16 46]
[99 85 53 50 48 25 11 67 55 92 18 13 19  0 27 26 74 88 21 76 60 65 17  7
 83 80 33 89 16 59 75 43 94 40 86 96  4 64 22 28 70 56 81 87 79 15  9  5
 62 68 45 58 34 42 46 63]
[43 32 36 39 40 42 87 45 46 98 94 31 51 58 61 62 63 64 68 70 71 79 81 56
 28 86 96  9 15  5  4 22 37 34 49 54  1 24 23  3 47 77 12 93 52 82 66 20
  6  8 41 72 57 14 38 78 69]
[95 91 16 30 90 35 97 69 78 38 14  8 57 72 41  6 82 20 66 45 40 46 42 87
 43 49 98 94 51 39 93 54 56 58 61 62 47 52 32 36 86  3  4  5  9 81 12 79
 15 77 37 64 23 96 71 70 28]
[69 78 30 38 14  8 41 72 57 82 94 98 47 49 45 86 42 40 39 46 51 61 56 58
 62 63 64 66 68 70 71 77 79 81 54 37 43 87 12  9 22 15 96  6  5 36 28  3
 31 32 34  4 24 23 52 93  1]
[86 32 22 39 40 94 43 45 15 56 96 64 87 70  4 79 81 62 28 58 63 31 51 46
 68 71 36 42  5  9 61 34 47 98  3 24 37 23 82 54  1 12 49 66 93 20 77 57
 52  8 14  6 38 69 41 72 78 30]
[69 78 30 38 14  8 41 72 57 97 82  6 20 66 52  1 47 24 23 93 12 77  3 34
 49 45 54 68 62 58  5 37 61 81 94 79 70 71 51 46 56 63 98 64 43 87  4  9
 15 22 96 28 31 86 32 40 42 39 36]
[82 47 24 23 34 58 45 68 70 56 28 87 46 94 43 42 22 40 86 79 81 15 62  4
 64 96  9  5 36 32 31 71 63 51 39  1 61 98 37  3 54 49 12 93 66 77 20 52
 57  8  6 14 41 72 38 69 78 16 30 95]
[16 75 59 33 99 25 48 50 53 85 11 67 13 55  7 92 18 19  0 27 26 74 88 76
 21 65 60 80 17 83 89 82 47  3 66 49 68 62 34  4 63 61 64 77 71 58 79 81
 86 87  1 93 94 96 70 56 15  5 12 39 40]
[49 62 28 61 58 31 32 34 56 36 37 86 39 40 42 43 54 45 46 47 87 98 63 24
 51 71  9  5 23 96  4 15  3 68 81 94  1 64 22 70 79 12 82 93 77 66 20 52
 57  8  6 14 41 72 38 69 78 97 30 95 90 35]
[82 49  3 77 52 54 37 93 47 66 46 45 24 62 12 23 42  8 68 32 39  1 63  4
 43 98 81 56 58 61 64 79 70 71 51 36 40 34  5  9 96 31 94 15 86 28 87 20
 22  6 57 72 41 14 38 69 78 97 30 95 35 90 44]
[96  4 28 62 86 81 56 70 82 47 94 43 64 45 68 95 69 91 57 34 24 23 75 66
 30 78 38 59 14 40 22  5 15  3 79 87  1 58  9  8 20 16 93 12 71 31 51 61
 72 41  6 54 42 46 37 52 77 98 49 36 39 32 63 97]
[ 7 17 76 65 83 80 21 60 74 26 88 19 27 18  0 92 50 67 99 13 55 53 11 48
 25 85 89 33 16 59 75 91 95 69 82 57 47 14 38 66  8 62 24 23 20  1 45 93
 81 68 34  5 96 70  3 71  9 94 63  4 86 49 46 39 42]
[37 34 24 23 36 45 51 54 31 58 68 70 71 64 63 39 40 56 42 62 46 47 32 98
 79 61 43 81 49  9  1 96 86 87  3 22  4 28 15  5 94 82 12 77 93 52 66 20
  8 57  6 14 41 72 38 69 78 97 30 95 35 90 44 91 73  2]
[ 7 76 21 65 25 26 27 48 50 53  0 67 74 85 88 92 55 19 99 18 11 13 60 17
 83 80 89 33 16 59 75  2 10 69 78 38 41 72 14 97 57  6  8 20 52 66 82 93
 77 12  1 24 23  3 49 54 47 37 34 71 61 31 98 51 45 68 58]
[48 25 85 53 99 50 11 55 67 13 92 18  0 19 27 88 26 74 21 60 76 65 17  7
 83 80 89 33 16 59 75 10 91 29 73 95 30 69 78 97 38 14 57 41  8 72 20 66
 82 93  6 87 96  3 79 68 70 71 81 94 86  1 77 64 56 62 15  9]
[57 66 82  3 47 87 22 46 86 79 28 81 42 40 32 43 98 36  9 56 15 94 58 71
 64 96 39 70 61 63  5  4 51 45 62 54 68 31 37 34 12 93 49 24 23 20 77  1
 52  6 14 72 41 38  8 69 78 97 30 95 35 90 44 91 73  2 92 85  0]
[69 78 38 14 57 72 41 66  6 20 93 52 12  8 77  3 82 40 86 43 81 47 32 31
 98 28 61  4 22 64 71 96 94 70 58  1  5 46  9 42 39 37 36 56 34 15 63 87
 62 79 51 54 49 45 23 24 68 97 30 95 35 44 90 73  2 91 76 65 21 17]
[69 78 38 57 14 66 20 82 41 72 93  6  3  8 12 47 52 77 71 23 31 51 24 54
 49  1 37 62 61 45 34 68 98 42 46 81 36 39 58 56 32 63  5  9 15 28 79 70
 87 86  4 64 96 22 94 43 40 97 30 95 35 90 44 73 91  2 89 80 33 83]
[60 65 17 83 21 76 88  7 26  0 74 27 92 55 19 67 18 13 11 25 53 50 99 85
 48 80 89 33 16 59 75 91 69 78 82 38 47 14 57  8 23 62 24 72  1 45 41 66
 68 34 81 20 56  6 93 58 70 28  5  3  9 12 52 15  4 64 79 87 96 77]
[76 65 21 60 74 26 88 27 19  0 18 92 13 55 67 11 50 99 85 25 53 48 17  7
 83 80 89 33 16 59 75 91 10 29 84 73  2 95 46 31 42 51 71 32 39 90 63 36
 61 86 43 98 94  3 96  4 37 66 70 40 28 54 64 12 49 56 93 81 22 57 20]
[33  7 17 83 76 65 80 21 60 74 19 26 88 27 18 13  0 11 92 55 67 50 85 48
 25 99 53 89 16 59 56 64 70 81 96 28  4 36 39 86 32 94 40 42 43 63 46 22
 87 98 79 71  5 15  9 61 62 49 54 37 58 51 31 68 45 77 34  3 12 24 52 47]
[25 48 53  0 85 99 50 55 92 67 88 60 26 11 27 13 18 19 83 21 89 65 74 17
 76 80  7 33 16 75 59 10 91 29 84 73  2 95 90 35 44 30 69 97 78 82 38 47
  8 14 57 62 24 23 45  1 66 68 34 41 72 81 20  6 87 93 52  9 56 54 63 96
 12]
[ 7 76 17 65 21 74 60 19 26 27 88 18 13 11  0 92 55 67 50 48 25 99 85 53
 80 83 33 82 47 23 98 40 45 68 63 43 42 62 46 22  5 36 86 32 31 87 24 39
 64 70  4 56  9 15 51 28 79 94 58 71 81 61 96  1 34 37  3 49 54 12 77 93
 52]
[33  7 80 17 83 65 76 60 21 74 88 26 27 19 18  0 13 55 50 53 67 85 92 48
 25 99 11 89 16 59 91 75 10 95 73 29 30 69 82 78 38 97  8 47 57 14 23 24
  1 62 66 45 72 41 34 68 20 81  6 56 93 58 12  3 52 70  9  5 15 77 79 87
 28]
[95 82 47 62 81 30 56 69 28 68 70  4 45 96 86 23 64 24 34  8 57 38 94  1
 43 14 78 66 58 87  5  9 79 15 20 22 40  3 93 12 41 72  6 71 31 52 51 54
 77 37 61 49 42 98 46 39 36 32 63 97 91 35 90 44 73  2 10 84 29 33  7 80
 17]
[ 7 83 17 80 76 65 60 21 74 88 26 27 19  0 92 11 18 13 55 53 50 67 48 85
 25 99 89 33 91 16  2 73 90 44 35 84 29 95 10 30 97 82 47 56 81 62  4 96
 70 28 86 69 64 68 94 45 43 78 24 34 23 38 57  8 79  5 40 87 22  1 15  9
 58 14]
[43 94 40 86 96  4 64 22 28 70 56 46 81 42 71 31 51 87 15 79 61 32 36 45
 39 68  9  5 62 98  3 34 63 58 37 47 54 12 24 23 66 93 82 49 20  1 77 57
 52 14  6  8 41 38 72 69 78 97 30 95 35 44 48 25 85 53 99 50 55 11 67 92
 13  0]
[95 30 82 47 62 94 28 40 87 43 63 64 70 79 81 22 56 86  4 96 45 98 58 71
 68 61 32 42 51 39 36 34  5  9 31 15 46 37 54 24  3 23 49 12  1 66 93 77
 52 20 57  6  8 41 72 14 38 69 78 97 35 90 44 91 73 10  2 29 84 75 59 16
 33 80]
[42 32 34 36 37 39 40 43 45 46 98 51 31 54 58 61 62 63 64 68 70 71 87 79
 81 56 28 86  3  4 94  5  9 96 15 22 12 47 49 24 23  1 77 93 66 82 20 52
 57  6 14  8 41 72 38 69 78 97 30 95 35 44 90 91 73  2 16 10 33 29 84  7
 80 17 89]
[16 33  7 91 76 80 65 74 17 21 19 18 27 13 11 26 88 92 55  0 67 50 99 85
 53 48 25 60 83 89 95 10 73 82 29 47 69 75 30 62 81 56 84 59 70 28 57  4
 78 96 66 86 68 38 45 35 14  3 97 20 64 71 93 31 23 24 12 90 51 34 94 43
 61  8 42  1]
[16 82 47 62  8 23 24 45 81 68 56 34  1 70 28  4 58 96  5  9 64 86 87 79
 15 94 40 43 22 63 32 39 36 46 42 98 61 51 31 37 49 71 54 77 52 12  3 93
  6 20 41 66 72 57 14 30 38 95 44 97 90 78  2 84 69 91 35 73 29 33 10 80
 89  7 83 17 65]
[48 25 85 53 99 50 11 67 55 92 13 18  0 27 19 26 88 74 21 60 76 65 17 83
  7 80 89 33 63 49 44 32 40 87 39 22  6 36 41 98  9 72 95 77 54 37  5  2
 79 58 15  8 52  1 90 46 30 42 35 61 97 34 43 64 24 23 93 94 78 12 71 31
 51 38 20  3 86 14]
[82 47 69 62 81 56 70 28  4 57 96 45 86 68 38 66 78 14 64 23 24 34 43 94
  8  3 20  1 93 12 58  9  5 71 15 87 79 31 51 72 41 22  6 40 61 52 54 37
 77 42 46 98 49 36 32 39 63 97 30 95 35 44 90  2 73 91 84 29 10 76 65 74
  7 21 17 19 27 18 13]
[ 0 92 85 67 55 53 50 48 27 25 19 18 13 99 11 88 26 74 21 60 76 65 17 83
  7 89 80 33 69 97 44 78 30 72 41 38  6 14  8 52 57 77 95 82 20 49 66 93
 12 35 54 37  1 47 23  3 24 98 61 71 36 63 39 34 31 32 51 42 62 46 45 58
 68  9  5 81 15 87 79]
[91 10 29 95 73 84  2 90 44 35 30 69 97 82 78 47 57 38 14 62 66 81 56 72
 20  8 45 68 41 24 23  3 93 34 70 28  6 12  4  1 71 96 52 51 31 86 64 54
 58 61 77 49  5  9 37 15 79 42 87 98 46 94 32 63 39 36 40 43 22 59 75 16
 48 25 53 85 89 99 50 67]
[43 94 86 40 96  4 28 70 64 22 56 81 87 79 62 15 68 46  5 45 42  9 32 51
 39 31 36 71 63 61 58 98  3 47 37 34 54 12 93 66 49 24 20 82 23 77 57  1
 52 14  6 38 41 69 72  8 78 30 95 97 35 91 90 73 44  2 10 29 84 16 89 33
 59 83 60 75 80 17 65  7]
[84  2 91 95 10 73 44 29 90 82 47 62 81 56 45 68 70 28  4 96 64 86 94 43
 22 40 63 32 87 36 42 39 46 15 79 51 31 61 98 71  5  9 58 37 34  3 54 49
 24 23 12 66 77 93  1 52 20 57  6 35 41 72  8 14 38 69 78 97 30 75 59 16
 25 48 53 85 99  0 67 50]
