[10]
[10]
[10 75]
[10 29]
[75 10]
[75 59]
[75 59]
[75 59]
[75 59]
[75 91]
[75 40 43]
[75 59 10]
[75 59 10 16]
[75 59 10 91 43]
[75 59 16 10 91 29 84]
[75 59 16 33 80  7 89 17]
[75 59 10 16 91 29 84 73]
[75 59 10 91 29 84 73 95 90]
[75 59 10 91 29 84 73 95 16 90]
[75 59 16 48 85 25 53 99 50 11 67]
[75 59 16 99 85 53 25 50 48 11 67 55]
[75 59 16 48 85 25 99 53 50 11 67 55 13]
[75 59 16 89  7 17 76 83 65 80 21 74 26 48]
[75 59 74 99 25 13 11 48 50 53 55 67 85 92 18]
[75 59 16 25 11 48 53 99 85 50 13 18 67 92 55 19]
[75 59 16 33 80  7 17 83 65 76 89 60 21 74 88 48 50]
[75 59 48 25 85 99 53 50 11 67 55 92 13 18  0 19 27 88 26]
[99 85 53 50 48 25 92 67 13 11 55  0 18 19 27 88 26 74 60 21]
[89 83 80 17  7 65 60 76 21 33 75 88 74 26 27  0 19 55 50 48 67]
[49 71 51 22 98 46 81 37 79 43 42 31 32 40 36 28 87 86 70 64 63  4]
[ 0 92 85 67 55 53 50 48 27 25 19 18 13 99 11 26 88 74 21 60 76 65 17]
[ 0 92 85 67 55 53 50 48 27 26 25 19 18 99 13 11 74 88 21 60 76 65 17 83]
[75 16 59 33 80  7 17 65 83 60 88 76 74 27 48 50  0 55 26 67 85 92 53 25
 99]
[40 94 43 86 96  4 22 64 28 70 56 87 79 15 81  9  5 68 58 62 45 34 24 47
 23]
[ 0 92 85 67 55 53 50 48 27 25 19 18 13 99 11 74 88 26 21 60 76 65 17  7
 83]
[40 70  4 64 86 87 43 28 96 22 94 79 68 62 58 56 81  9 15 45 34  5 63 24
 36]
[82 93 52 49 34 36 37 39 40 43 45 46 47 98 51 54 87 56 58 61 62 63 64 86
 68 70]
[49 24 86 54 87 28 51 31 32 23 98 47 36 37 46 39 40 81 42 34 43 22 58  1
 79  3]
[82 20 93 66 52 77 81 39 42 51 45 46 37 47 98 40 43 87 54 86 56 58 61 62
 63 64 68]
[75 59 49 36 37 39 40 81 42 43 45 46 47 98 51 52 87 54 86 56 58 61 62 63
 64 68 70 71]
[49 36 37 39 40 43 45 46 47 98 51 52 54 87 34 56 61 62 63 64 66 86 68 70
 71 77 79 81 82]
[75 59 49 34 36 39 40 43 45 46 47 98 51 54 87 58 32 86 61 62 63 64 68 70
 71 77 79 81 56 31]
[49 62 61 28 86 58 31 32 34 56 98 36 87 39 40 42 43 54 45 46 47 37 24 93
 22  1 81  3  4  5]
[49 94 56 28 87 54 31 32 52 34 51 36 37 98 39 40 81 42 43 47 24 45 23 58
  1 79  3  4  5 71  9]
[84 73 95 90 29  2 30 35 44 91 97 69 78 47 46 82 40 43 42 45 39 49 71 51
 52 87 54 86 56 58 70 61]
[75 16 10 29 91 84 59 33 73 80  7 89 17 83 95 65 76 60 21 26 88 74 85 50
 53 99 19 48 11 25 27 92]
[27 19  0 92 88 85 67 55 53 50 48 26 25 18 99 13 11 74 21 60 76 65 17 83
 89  7 80 75 33 59 16 29]
[75 16 59 33 80  7 89 17 83 65 76 60 21 48 50 53  0 26 67 74 85 88 92 55
 25 99 19 18 13 11 27 10 29]
[75 59 16 33 80  7 89 83 17 65 76 21 60 88 74 27  0 19 67 53 50 85 48 92
 55 26 99 13 11 25 18 10 29 91]
[75  0 92 88 85 67 60 55 53 50 48 27 25 19 18 99 13 11 74 26 21 76 65 17
 83  7 89 80 33 59 16 29 10 84 91]
[88 60 26  0 74 21 27 92 55 67 19 18 13 85 50 25 48 53 99 11 76 65 17 83
  7 80 89 33 16 59 75 10 29 84 91 73]
[48 85 99 25 53 50 11 67 13 55 18 92 19 27  0 26 74 88 21 76 60 65 17  7
 83 80 89 33 75 59 16 10 29 84 91 73  2]
[76  7 21 74 26  0 25 27 50 55 19 67 85 88 92 53 18 99 11 13 65 48 60 17
 33 80 83 89 16 59 75 10 29 91 84 73  2 95]
[47 23  1 20  6 68 12 56 86 28 54 87 31 49 58 98 36 37 39 40 46 42 32 51
 22 43 81  3  4  5 79 77  9 71 70 96 15 64 94]
[90 95 73 35  2 44 30 97 84 69 78 38 72 34 14 45 41 57 47 82  8 93 51 46
 43 98 58 54 87 56 61 63 64 86 70 71 79 81 52 40]
[66 20 47 52 93 34 49 71 37 39 40 42 43 45 46 82 81 51 79 54 56 58 77 61
 62 63 64 68 70 98 32 36  5  1 96  3 28  4 12 86 87]
[35  2 44 90 97 30 69 78 38 14 72 41 20 52  6 57 77 66 82 54 49 12 93 47
 96 98 81 51 79  9  8 56  5 45  4 61 62 63 64  3  1 71]
[29 84 10  2 73 91 35 44 90 95 30 97 69 78 38 14 41 72 57  6 66 49  3 93
  8 20 12 52 77 82 98 79 51  9 54 56 22 61 62 63 64  5]
[30 97 78 69 90 44 38  8 14 57 72 41 23 34 24 47  6 82  1 93 51 46 54 56
 58 98 49 62 43 64 66 87 68 70 71 86 77 79 81 61 63 42 20]
[20 49 87 34 37 39 40 42 43 45 46 47 86 98 51 54 56 58 81 79 61 62 63 64
 77 68 70 71 32 31 36 93  9  5 96 12 15 94  4  3 22  6 23]
[49 34 36 39 40 42 43 45 46 47 87 98 86 51 32 52 56 58 82 81 61 62 63 64
 79 66 68 70 71 54 31 37 77  9  4 96 12 15 94 93 20 22 23]
[42 40 56 22 87 54 28 51 98 31 32 34 46 36 45 39 61 94 58 63 82 81 79  4
  5 71 62  9 70 86 96 64 15 68 43 47 24 23 37 52 66 77 49 93]
[75 46 22 43 87 70 79 15 94 96 42 39 81 64 63 32  4 56 86 28 40 68 31 71
 37 61 34 98 51  9 54  5 58 45 36 62 49  3 47 24 23  1 12 77 93]
[75 59  2 44 84 35 90 97 78 41 72 38  8 14  6 52 57 20 77 93 82 66 49  1
 12 47 54 24  3 23 56  5 98  9 81 46 45 79 87 42 15 58 39 71 37]
[84  2 29 44 90 35 73  3 49 47 46 45 43 42 40 37 36 87 98 54 51 56 58 61
 62 63 64 68 70 71 81 77 86 34 39 32  4  5  9 96 15 94 22 79 31 28]
[84  2 44 90 35 29 37 39 40 43 52 45 46 47 98 51 36 56 58 61 62 63 64 66
 87 68 70 71 86 77 79 81 54 34 49 32  1  3  4  5  6  9 12 96 15 94 20]
[75 59 84  2 44 90 91 43 94 95 40 86  4 96 64 70 28 22 46 56 42 81 63 87
 32 39 36 79 15 51 31  9  5 61 71 62 98 68 58 45 37 54 34  3 47 24 49 12]
[75 59 91 10 84 73 29 95 90  2 35 44 30 97 69 78 38 14 72  8 41 57 82  6
 32 28 39 47 22 96 77  4  3 63 54 52 51 42 58 62 64 66 70 71 79 81 56 87
 86]
[75 59 91 10 84 29 95 73 90 30 97 69 78 35 38 82  6 14 63 81 57  8 46 87
 41 72 39 70 36 93 15 42 49 71 54 58 61 62 64 98 56 34 37  1  3  4  5  9
 79 77]
[75 59 29 10 84 91 95 30 90 97 69 78 44 35 38 73 14  8 72 41 57  6 79 87
 56 61 31 98 47 49 62  1  5 71 93 68 36 82 39 28 81 64 54 46 77  3 34 51
 58 70]
[99 92 85 55 53 50 48 25 11 67 13  0 18 27 19 26 88 74 60 21 76 65 83 17
 89  7 80 33 16 59 75 70 43 42 40 63 61 39 64  4 32 31 96 28 94 86 36 22
 54 51]
[75 59 16 83 89 17 80 60 65 76  7 21 33 88 26 74  0 27 92 55 67 19 18 13
 53 25 48 50 99 85 11 10 84 29 91 73  2 90 44 35 43 86 94 40 96  4 28 64
 70 22]
[75 59 16 33 80 89  7 83 17 65 76 60 21 74 88 26 27 19  0 92 18 13 55 11
 67 53 50 48 85 99 25 29 10 84 91 73  2 68 81 62 15 87  5 45 58  9 79  4
 86 56 22]
[75 59 16 33 89 80 83  7 17 65 76 60 21 74 88 26 27  0 19 92 18 55 13 67
 11 50 25 53 48 85 99 10 29 84 91 73  2 90 95 35 44 30 97 69 78 38  8 82
 72 41 57 70]
[75 59 16 33 89 80 83  7 17 65 60 76 21 88 74 26 27  0 19 55 92 18 13 25
 85 67 11 53 50 99 48 10 29 84 91 73  2 90 44 35 95 30 97 69 78 38 14 72
 41 57  6  8 20]
[75 59 25 48 53  0 85 99 50 67 92 55 88 26 27 11 13 18 60 19 74 21 76 65
 83 17 89  7 80 16 33 91 10 73 29 95 84  2 90 44 35 30 97 69 78 38  8 41
 72 14  6 57 82  1]
[30 97 69 78 38  8 72 95 41 14  6 57 82 20  1 52 66 23 24 47 93 77 12 34
 49  3 58 45 54 62 68 37  5  9 15 87 81 71 98 61 79 56 31 51  4 63 64 96
 94 32 46 36 28 70 40]
[30 95 69  8 82 52 57 66 54 51 98 47 49 43 40 39 37 46 45 58 36 61 62 63
 64 87 68 70 71 77 79 81 56 34 42 86 96 94 12 20  9 22 23  5 93 24  4  3
 28  1 31 32 15  6 14 41]
[82 49 34 36 37 39 40 43 45 46 47 98 51 54 56 58 61 62 63 64 87 68 70 71
 77 79 81 32 31 42 86 94 96 12  9 22 15  8 23 93  5  4  3  1 28 24 66 20
 52 57  6 14 41 72 38 69 78]
[91 95 73 30 10 90 69 35 97 78 44 29 38  8 72 14 41 82 57  6  1 20 23 47
 24 52 66 77 93 34 12 45 58 62 49 68  3 54  5  9 15 37 79 87 81 56 98 71
 31 61 51 36 42 39 28 32 63 22]
[91 95 30 69 97 78  8 38 72 82 14 41 90 57  6  1 47 24 23 20 52 66 93 34
 77 12 45 62 68 58 49  3 54  5  9 37 81 15 79 56 87 98 31 71 61 51 70 64
 42 28 32 39 36 96 22  4 63 46 86]
[ 8 38 14 72 41  6 82 57  1 69 78 23 52 24 47 20 66 77 34 93 58 45 12  3
 62 68 49  5  9 54 37 15 79 87 81 56 98 71 61 51 31 36 39 28 64 70 32 42
 46 22 63  4 96 86 40 94 43 97 30 95]
[95 30 69 97 78 38  8 14 72 41 57  6 82 20 66 52  1 23 24 93 47 77 12 34
  3 45 49 54 58 71 62 68 87 98 81 51  5 61 79 15 31 37  9 56 64 70 63 43
 86 42 40 39 36  4 96 32 22 46 94 28 90]
[91 95 73 30 69  8 57 82 14 20 66 23  1 24 47 68 93 34 45 77 58 54 36 42
 46 98 86 51 40 39 87 37 43 61 49 96 81  4  5 79  9 12 63 15 28 70 94 22
 56 64 31 32 71  3 62 52  6 38 41 72 78 97]
[91 95 73 10 30 69 90 78 38  8 14 72 41 57  6 82 20 66  1 52 23 24 47 93
 77 12  3 34 49 58 45 68 37 62 54  9 39 63 32 46 70 42 79 61 71 86 56 64
 87 51 40 98  4  5 96 15 94 22 28 81 31 43 36]
[91 95 46 32 36 45 40 82 28 86 81 22 42 56 58 79 87 15 70  4 94 68 64  5
 43  9 62 96 61 39 71 47 34 24 31 51 63 23 98  1 37  3 54 12 49 93 66 77
 20  8 57 52 14  6 38 41 72 69 30 78 73 90 97 10]
[91 95 30  8 82  1 23 24 47 66 57 34 45 58 62 68  3 61 54 37 98  5 81 15
 79 71 86  4 46 43 51 40 39 56  9 36 42 32 31 96 28 63 94 93 87 22 12 70
 64 20 49 77 52 14  6 69 38 41 72 78 90 97 73 35 10]
[91 95 30 97 78 44 69 38  8 14 41 72  6 57 52 66 20 12 39 37 31 77 93 46
 42 40 43 54 51 61 63 87 71 86 98 36 49  3 32 94  5 22 64 96 15 79  1 58
  9  4 70 34 28 23 24 35 68 45 56 81 62 90 47 82  2 73]
[48 85 25 99 53 50 11 13 67 55 18 92 19 27  0 26 74 88 21 76 65 60  7 17
 83 80 71 31 51 46 42  3 95 57 66 61 39 93 98 32 20 12 69 36 82 37 14 54
 63 38 47 56 28 62 78 70 96 30 49  4 81 86 45 33 77  6 97]
[65 76 60 21 74 88 27 26 25 48 50  0 55 67 85 92 53 19 99 18 11 13 17 83
  7 80 89 33 16 59 75 91  2 84 29 73 10 35 44 95 90 97 30 69 78 38 14 57
 72 41  6 66 20 93 52 12  3 77 71 49 54 31 37 51 79 36 98]
[76 21 74 26 88 27  0 92 85 67 53 50 48 25 19 18 99 13 11 55 65 60  7 17
 83 80 89 33 16 59 75 91 63 32 39 46 36 42 98 61 51 31 40 71 37 49 43 54
 94 86 22 77  3 96 12  4 64 52 28 93 15 87 70 79  9  5  6 20]
[16 75 59 33  7 19 18 13 11 50 99 85 48 53 25 74 67 55 92 27  0 76 26 80
 21 17 88 65 89 83 60 10 91 29 73 84  2 95 90 35 44 30 97 69 78 38 14  8
 72 41 57  6 52 93 66 71  4 70 15 28 79 86 87 22 94 96  3 68 31]
[16 33  7 76 17 65 80 21 74 60 83 19 26 88 27 18 13 11 92  0 55 53 67 85
 50 48 99 25 89 75 59 91 10 29 73 84 95 90  2 35 44 30 97 69 78 38 14  8
 72 41 57 82  6 52 34 68 66 93 77 81 62 58  3 56 12 87 86  1  4 79]
[95 30 69 78 97 38 14 41 72 57  8  6 20 66 82 52 93 77 12  3  1 23 47 24
 49 54 37 34 71 98 61 31 51 62 45 68 58 36 39 46 42  9 63 81 15 32  5 56
 79 87 70 28 64 96  4 22 86 43 40 94 35 91 90 73 44  2 10 84 29 16 75]
[16  7 25 48 53 85  0 67 55 99 88 50 92 11 60 26 13 27 76 65 21 17 19 74
 18 83 33 80 89 59 75 91 63 32 46 36 39 42 98 61 51 31 71 37 54 49  3 12
 77 93 66 20 52 43 40 94 86 96 57 22 28 70  4 64 56 87  6 15 79 14 81  9]
[16 33 59 80  7 89 83 17 65 76 60 21 75 74 88 26 27 19  0 18 13 92 67 55
 85 53 50 48 99 25 11 91 95 10 73 30 69 90 78 82 97 47 62 81 56 38 28 45
 70  4 96 68 24  8 86 23 34 14 57 64  1 94 43 58 35 79  5 15 87  9 22 40
 72]
[16 33 80  7 17 83 89 65 76 21 60 74 27 48 50  0 55 26 67 85 88 92 53 25
 99 13 18 19 11 59 75 91 10 95 29 73 30 84 69 90 97 78 38 14 57 82  8 72
 41 66 20 47  6 12 24 68 23  1 93 77 79 81  5  4  9 86 87  3 94 96 71 62
 64 22]
[99 85 53 50 48 25 11 55 13 67 18 92 19  0 27 74 26 88 21 76 60 65  7 17
 83 80 33 89 16 59 75 84 29 64 12 58 61  4 62 63 56 68 70 71 54 79 81 86
 87 94 96  3  5 49 51 15  9 22 28 31 34 36 37 39 40 32 42 43 98 45 46 77
 93 23 24]
[76  7 65 21 74 17 26 19 27 88 18 13  0 92 11 55 67 48 25 85 53 50 99 60
 83 80 89 33 16 59 75 71 70 68  6 23 64 63 62 22 72 66 77  4 58 79 81 82
  3 86 87  1 93 94 96  5 57 61  9 24 20 15 28 31 32 34 36 37 56 39 40 41
 42 49 43]
[49 87 34 36 37 40 42 43 45 46 47 98 86 51 54 56 58 61 62 63 64 81 68 70
 71 79 32 31 39  5  3  9 23 15 22 96 28  1  4 24 94 12 93 82 66 77 20 52
 57  8  6 14 72 41 38 69 78 97 30 95 35 90 44 73 91  2 84 10 29  7 80 89
 17 83 76]
[ 8 72 41 82  1  6 24 23 14 47 34 52 20 57 38 58 77 45 68 93 66 62  9  5
 12 15 49 79 87 81 54  3 56 37 98 71 70 28 22 31 64 61 36 94 39 43 96 46
 32 51  4 86 42 63 40 78 69 97 30 35 44 95 90 33  2 89 80  7 83 17 65 76
 60 21 74 26]
[33 16 80 89  7 83 17 60 65 76  0 88 21 27 26 74 92 19 18 67 55 48 50 99
 25 13 11 53 85 86 96 94  4 43 70 28 81 56 64 40 62 22 47 68 45 69 15 87
 79 82 58  9 24 23  5 34 57 71  1 51 38 14 66  3 78 31 20 46 42 61 12 54
 93  8 97 72 36]
[16 76 74 92 18 13  0 85 67 55 53 50 48 25 19 99 11 88 26 27 21 60 75 65
 17  7 83 80 33 89 59 10 91 29 73 84 95 36 86  4 22 61 31 32 51 46 96 43
 40 42 39 64 98 63 71 79 94 70 15 28 87 56 37  9  5 81 58 49 54  3 68 45
 62 12 34 77 93 52]
[82 47 62 24 23 34 68 45  1 81 56 58 70 28  5 79  9 15  4 87 96 64 86 22
 61 43 94 37  3 31 32 36 63 98 39 71 42 54 51 46 40 49 12 77 93 66 52 20
 57  6  8 41 72 14 38 78 69 97 30 95 35 91 73 90 10 44 16 29  7  2 76 65
 17 80 83 21 60 74 33]
[75 59 10 84 29 16 91 73  2 48 50 53 99 11 67 85 92 55 25  0 18 13 27 19
 88 26 74 60 21 76 65 83 89 17 90 33 80 95  7 44 35 30 97 58 96  4 28 79
 70 22 64 87 86  9 94 40 43 78 81 63 56 15  5 39 34 45 32 68 62 36 46 24
 42  1 98 49 23 61 37 54]
[60 76 21  0 92 88 85 67 55 53 50 48 27 25 19 18 99 13 11 74 26 65 17 83
  7 80 89 33 59 16 75 10 29 84 91 73  2 95 90 44 35 30 97 69 78 38 14 72
 41 57  8  6 20 66 82 52 93 77 49 23 79 86 28 32 12 36 24 56 39 40  4 42
 43 45 46 71 70 94 22 96]
[75 59 16 10 29 84 91 73  2 90 95 33 35 44 30 97 69 78 38 14  8 72 41 57
  6 82 20 52 86 42 49 51 54 40 64 66 70 46 63 43 36  1 32 15 28 22  4 96
 39 12 94 23 37 68  5  9 77 79 81  3 71 62 87 93 98 61 45 31 56 24 34 58
 47 80 89  7 83 17 65 76 60]
[75 59 16 10 84 29 91 73 33  2 90 80  7 89 17 83 65 76 60 21 19 50 48 55
 53  0 85 88 92 67 74 99 27 18 13 25 26 11 44 35 95 30 97 78 69 38 41 72
 14  8  6 57 70 28 20 52 58  4 71 96 12 94  3 93 81  1 86 77 22 49 66 31
 64 34 45 37 61 51 43 54 56 40]
[75 59 16 10 29 84 91 33 43 94 86 96 40  4 28  7 64 70 17 76 65 88 67 60
 83 55 53 50 48 85 92  0 99 25 21 13 18 26 27 11 19 74 80 89 22 73 56 81
 62 87 15 79 68  9  5 45 47 58 34 24 23 82  1 31 71  3 51 42  8 46 61 66
 39 36 93 98 12 32 57 37 20 54]
[13  0 92 85 67 55 53 50 48 25 19 18 99 11 27 88 26 74 60 21 76 65 83 17
 89  7 80 16 33 59 75 10 91 29 84 73  2 95 90 44 35 30 56 15 43 79  4 86
 87 22 81 40 70 94  5 64 28 68 32  9 96 42 45 58 62 46 63 39 36 31 61 71
 51 34 98 47 37 24 23  3 54  1 49]
[48 25 85 53 99 50 67 55 11 92  0 13 18 27 19 88 26 60 74  7 21 65 76 89
 17 83 80 33 16 59 75 10 91 29 84 73  2 90 95 44 35 30 97 69 78 38 14 72
  8 41  6 57 70 68 71  9 79 81 82 86 87  1 93 94 96 77  3  4 64 12 15 20
 22 23 24 28 31 32 34 36 37 39 40 42]
