[75]
[75]
[75 48]
[75 59]
[75 59]
[75 43]
[43 94 86]
[75 59 10]
[75 59 10]
[75 59 10]
[75 10 91 59]
[75 59 10 91 29]
[75 59 10 91 29 84 16]
[75 59 10 16 91 29 84 73]
[75 59 10 16 91 29 84 73]
[75 59 10 91 29 16 84 73 95]
[75 59 10 91 16 29 84 73 95  2]
[75 59 10 16 91 29 84 73 95 90  2]
[75 59 10 16 91 29 84 73 95  2 90 30]
[75 59 16 10 91 33 29  7 80 17 89 83]
[75 59 16 10 91 33 29  7 80 17 84 89 83]
[75 59 16 10 91 33 29  7 80 84 17 73 89 83]
[75 59 16 10 91 33 29  7 80 17 89 83 76 65 84]
[75 59 16 10 91 29 84 33 73  7 80 17 95 89 83 76]
[75 59 16 10 91 29 84 73 33 95 90 30  7 80 86 46 32]
[75 59 16 10 91 29 84 73 95 90 30 96 94 63 28  4 22 32 64]
[75 59 16 10 91 29 73 84 95 90 30 15 40 46 98 36 94 43 56 32]
[75 59 16 91 10 28 36 15 39 96 40 43 94 86 46 63 70 79 22 64 32]
[75 59 16 10 91 33 29 73 95 71 31 51 98 15 40 87 86 64 79 43 22 81]
[75 16 59 91 43 36 96 40 42 86 94 63 70 79 28 31 46 56 61 64 39 32 98]
[75 59 16 91 10 95 42 46 39 87 51 94 31 22 32  4 40 79 81 36 63 96 64 86]
[75 59 16 91 10 29 73 95 84 30  4 94 22 46 32 43 42 28 40 63 39 86 70 96
 64]
[75 59 16 91 10 73 29 95 56 79  5 39 87 70 28 36 64 32 15  4 98  9 61 54
 31 42]
[43 79 70 64 63 56 46 86 42 40 39 36 28 94 22 87  4 96 15 51 81  5 98  9
 31 61 32]
[69 38 78 14 57 82 66 41 20  6 47 72 93 37 36 39 40 42 43 49 45 34 46 98
 94 51 52]
[82 47  1 23 24 49 34 36 39 79 42 43 46 98 87 86 32 54 56 58 61 62 63 64
 68 70 71 81]
[16 33  7 80 17 83 89 76 65 21 60 74 88 27 26 19 48  0 53 55 67 85 92 50
 25 99 13 18]
[ 3 62 12 87 45 24 63 56 28 86 61 31 32 43 34 42 36 37 77 22 64 20 66 51
  4  5 98 71]
[22 32 39 86 63 36 94 43 42 40 46 96 64  4 98 31 70 28 51 61 71 87 37 54
 15 79 49  5  9]
[ 0 92 88 85 67 55 53 50 48 27 25 19 18 99 11 13 26 74 21 60 76 65 17 83
 89  7 80 33 16 59]
[16 33 80 89  7 83 17 65 76 60 21 74 88 26 48  0 53 55 67 85 92 50 25 99
 18 13 19 11 27 75 59]
[33 80 89  7 83 17 65 76 60 21 74 26 88 19 48  0 53 55 67 85 92 50 25 99
 11 13 18 27 16 75 59 91]
[99 48 85 53 50 25 11 67 55 13 92 18  0 19 27 26 88 74 21 60 76 65 17 83
  7 89 80 33 16 91 95 73]
[49 34 36 37 39 40 42 87 45 46 98 94 51 93 54 56 58 61 62 63 64 68 70 71
 77 79 81 82 32 31 43 12  3]
[42 87 86 22 43 31 32 61 46 36 63 28 94 64 96  9 68 70 71  5  4 45 39 40
 51 34 37 56 58 81 62 15 79 98]
[ 7 17 83 65 76 60 21 85 67 25 88 55 53 50 48 27 26 92 74  0 99 19 18 11
 13 80 89 33 16 75 59 91 10 29 63]
[91  1 49 34 36 37 39 40 43 46 47 98 51 52 54 87 56 58 61 63 64 66 86 68
 70 71 77 79 81 32 31 42 96 12 15  5]
[51 37 46 63 49 87 77 56 86 94 28 43 96 64 42  4 40 22 31 32 68 36 81 52
 79 54 15 61  9  5  3 71 70 98 39 58]
[16 48 25 99 50 85 53 11 67 92 55 13  0 18 19 27 88 26 33 74 60 21 89 80
 76 83 17 65  7 59 75 91 43 40 94 86 22]
[42 32 36 37 39 40 43 46 98 51 56 58 61 62 63 64 87 68 70 71 79 81 31 28
 86  9 96 94  4 22  5 15 54 34 45 23 12]
[49 31 32 70 36 37 39 40 42 43 45 46 98 51 81 54 79 56 58 61 62 63 64 68
 28 86 71 15  9 96 87 22  5  4  3 94 77 93]
[75 59 16 10 33 91 80  7  0 27 48 50 55 26 67 85 92 53 25 99 11 13 18 19
 21 88 74 60 76 65 17 83 89 29 84 73  2 90]
[91 75 73 95 86 34 36 39 40 42 43 45 46 98 51 52 54 81 56 58 79 61 62 63
 64 68 70 71 32 31 49 37 28 87  9 15  5 22 94]
[37 39 32 31 40 42 28 87 43 45 46 22 86 98 51 54 94 63 71 70 68  4  5 79
 64 56 36 62 96 61 81 58 15  9 47 77 49 34  1 23]
[49 32 86 34 36 39 40 42 43 45 46 98 51 54 81 56 58 79 61 62 63 64 77 68
 70 71 31 28 37  4  5 15 12 24 94 96 22  9  3 87 20]
[ 1 24 23 12 49 34 37 39 40 42 43 45 46 47 98 51 81 54 79 56 58 61 62 63
 64 77 68 70 71 32 31 36  4  9 28  5 96 86 15 87  3 94]
[ 1 34  3 24 23 47 49 36 37 39 40 42 43 45 46 81 32 51 79 54 56 58 61 62
 63 64 71 68 98 31 70 22 28  4 15 86 87  9 94  5 96 77 12]
[93 20 52 37 71 46 39 12 61  6 77 63 49 51 98 42 66 31  3 72 57 41 54 36
 32  8 82 14 24 47 23  1 45 58 34 62  9 68 81 87 15  5 56]
[76 65 21 17 60 74 26 88 27 19 18  0 13 92 55 67 11 50 53 99 85 25 48  7
 83 80 89 33 16 59 75  1 82 47 20 23 24  5 64 66 34 68 70]
[ 0 92 85 67 55 53 50 48 25 19 18 13 99 11 27 26 88 74 21 60 76 65 17 83
  7 80 89 33 16 59 75 35 95 44 30 97 69 78 38 14 57 72 41]
[ 7 76 33 17 80 65 74 21 16 83 19 60 27 26 18 13 89 11 88 55 92  0 67 50
 99 85 53 48 25 59 12  6  8 72 41 77 57 47 61 24 96 63 64]
[50 48 25 99 85 53 11 55 92 67 13 18  0 19 27 88 26 74 60 21 76 65 17 83
  7 33 80 89 16 69 78 38 41  8 57 82 14 72  6 68 64 63 62 61]
[48 25 85 53 99 50 11 67 55 92 13  0 18 19 27 88 26 74 60 21 76 65 17 83
  7 80 89 33 95 30 69 97 78 38  8 14 82 57 41 72 47 24  1 23]
[16 33 80  7 89 83 17 65 76 21 26 88 27 74 48  0 53 55 67 85 92 50 25 99
 18 13 11 19 60 56 68 70 64 81 51  9 98 15 79 46 45 58 61 42]
[95 30 69 97 78 90 38  8 14 82 72 57 41 47 23 45 34  1 52 62 24 12  6 77
 93 58 42 43 63 64 46 61 79 68 70 51 81 56 98 54 49 39  3  4]
[91 73 95 10 90  0 26 27 30 48 50 55 25 67 74 85 92 53 19 99 18 13 11 88
 21 76 60 65  7 17 83 80 33 35 89 16 44  2 69 97 78 38 14 57  8]
[91  0 27 11 13 19 92 85 67 55 53 50 48 26 25 18 99 74 88 21 76 60 16 65
 33  7 17 95 83 80 73 89 90 30 35 10 69 44 97 78 38 14  8 57 82 20]
[99 92 88 85 67 55 53 50 48 27 26 11 25 13 19 18  0 74 21 60 76 65 17 83
  7 80 89 33 16 59 75 56  5 54 51 61 63 70  4 71 79 81 86 87 94 96]
[65 60 76 21 17 74 88 26 27 19  0 92 18 55 13 67 11 53 50 99 25 48 85  7
 83 80 89 33 16 63 32 46 39 36 42 98 61 51 31 71 37 54 43 49 40 94 86]
[70 64 28 36 31 22 32 71 37 39 94 40 42 43 46 98 96 51 61  4 63 86 54 56
 79 87 81 49 15  3  9  5 62 12 68 58 77 45 93 34 52 66 20 47 24 23  1]
[42 94 98 46 22 45 43 51 96 40 28 39 37 31 32 86 36 34 15 81 79 87  4  5
 71 56 70  9 64 63 62 61 58 68 54 49  3 24 47 23  1 12 77 93 52 82 66]
[95 30  8 82 70 32 34 36 39 40 81 42 43 45 46 47 71 98 31 56 58 87 86 61
 62 77 63 64 68 79 51 49 28 96 94  9 22 24 23  5  4  1 15  3 54 37 52 12]
[ 8 82 47  1 24 23 34 98 46 45 49 40 39 37 36 43 51 56 58 61 62 63 64 68
 70 71 87 79 81 54 32 42 86 31 96 22 15 94  9  5 28  4 77  3 12 93 52 66
 20]
[91 10 29 84 73  2 95 90 35 44 30 94 86 28 40 22 43 58 70 96 64  4 81 79
  5 87 56  9 68 45 15 62 34 63 39 42  1 32 24 36 23 46 47 98 61 31 51 71
 37 49]
[10 91 84 29 73 95  2 70 40 28 56 58 43 79 86 87 22 96  4 94 64 45 68 81
 34  5 15  9 62  1 63 32 36 24 39 23 46 42 98 61 47 51 31 37 71 54 49 82
 77  8 90]
[91 73 10 95 29 84 30 90 69 78 20 23 12 57 24  1 77 93 49 52 66 54 82 47
 86 43 42 45 98 40 51 64 56 58 87 63 46 39 31 37 81  3  4  5 79  9 96 94
 15 71 70]
[10 91 29 84 73 95 90  2 30 69 78 97 35 38 14 57 41 72 66 20  6 44 82  8
 93 12 52  3 77 47 54 23  1 24 49 37 71 51 31 34 61 98 45 62 68 42 36 39
 58 46 32]
[99 85 48 53 50 25 11 55 67 13 92 18 19  0 27 26 88 74 21 60 76 65 17 83
  7 80 89 33 10 91 73 29 84 16 95 90  2 35 30 44 28 64 96  4 40 43 94 70
 86 81 56 22]
[10 91 84 29 73 95  2 90 35 30 44 40 64 70 81 28 94 22 43 86 96  4 56 87
 42 46 39 47 31 32 79 62 51 15  9 36  5 68 45 98 71 63 61 58 34  3 37 54
 82 24 23 12 49]
[10 91 48 25 53 99 85 50 55 67 92  0 11 13 18 88 26 27 19 60 74 21 65 76
 17 83  7 80 29 89 33 73 84 16 95 90 30 35 69 97 78 38  8 14 72 41 24  6
 23  1 57 82 93 64]
[95 82 69 57 47 14 38 66 62 20  8  3 23 45 24 93 81 68 56 12 34 30  1  6
 71 72 28 31 70 51 52 41  4 58 77 54 61  9 96  5 64 37 15 79 86 49 87 98
 42 46 39 94 36 32 22]
[91 84 73 29 10 95 43 94 86 40 96  4 28 70 64 22 56 81 87 79 15 62  5  9
 68 46 32 42 31 45 51 39 71 63 36 58 61 34 47 98 90  3 24 37 23 54 82 12
  1 66 93  2 49 20 57 77]
[84 29 10 91 73  2 90 95 35 44 30 97 69 78 38  8 14 72 57 82 41  6 20 66
 47 23  1 24 93 52 34 12 68 58 62  3 77 45 49 81 39  4  5  9 96 15 64 63
 94 61 22 87 56 37 79 86 40]
[74 26 19 27 18 13  0 92 67 55 11 53 88 25 85 50 48 99 21 76 60 65 17  7
 83 80 89 33 16 47 82 49 32 62 63 64 31 66  5 68 70 71  4 24 61 77 23 81
 22  3 86 87 15  1 93 94 96]
[74 19 13 76 18 11  7 27 50 99 85 55 53 67 21 92 48 25 26  0 33 65 17 80
 88 83 60 16 89 10 91 29 73 59 84 62 37 58 68  5 71 61  3 54  9 98 49 45
 31 47 81 28  4 46 15 70 86 32]
[16 33  7 76 74 10 65 21 17 80 19 18 13 27 91 83 60 26 11 88 92  0 67 55
 50 85 99 53 89 48 25 29 84 73 95  2 90 69 30 35 44 78 57 38 97 82 14 66
 47 20  3 93  8 72 12 41 62  6]
[91 10 73 29 84 95 90  2 35 30 44 69 78 97 38 14 57 82  8 66 20 72 41 47
 93  6 24 12 23  3 62  1 77 52 34 79 94 28  4 71 70 68 64 63  9 54 86 22
 51 87 49 37 31 45 40 81 32 36]
[91 95 30 69 78 38 14 57 82  8 66 47 20 41  6 23  1 24 93 12 52 34  3 62
 45 72 68 77 54 46 70 58 43 42 39 79 40 64 63 49 36  4  9 96 15 94 87 86
 22 28 32 98  5 81 71 31 61 37 51]
[82 47 24 23  8  1 45 34 62 68 81 58 56  5  9 79 87 64 70 15 28 40 94 43
 86 22 96  4 39 36 32 46 63 98 71 31 42 51 61 37 54  3 49 12 66 93 77 52
 20 57  6 14 41 72 38 69 78 30 97]
[82 49 32 68 36 37 39 40 42 43 45 46 31 81 79 51 54 56 58 61 62 63 64 71
 70 98 28 34 94 96 15  5  4  3 87  9 22 86 24 47  1 23 12 77 93 66 52 20
 57  6  8 72 14 41 38 69 78 97 30 95]
[49 32 34 36 37 39 40 42 43 45 46 98 81 51 79 54 56 58 61 62 63 64 71 68
 31 28 70 94 87  1  9 24 23 96 22 86 15  3  4  5 12 47 77 93 66 52 82 20
  6 57  8 41 72 14 38 69 78 97 30 95 35]
[ 1 24  8  9 34  5 23 87 15 79 22 58 47 45 68 82 81 64 62 70 41  4 56 72
 40  6 43 28 52 94 86 57 14 96 38 77 66 20 93 12 49 54  3 37 98 61 39 36
 71 63 32 42 51 46 31 69 78 97 30 95 35 44]
[82  8 47 38 24 57 14  1 23 69 34 45 62 72 66 41  6 68 20 81 56 78 70 58
 28 93  5  9  4 12 15  3 52 79 64 96 77 87 86 43 94 22 71 54 31 37 49 40
 51 97 61 98 42 36 46 39 32 63 30 95 35 44]
[57 49 36 39 40 42 43 45 46 47 98 51 54 81 56 58 79 61 62 63 64 66 77 68
 70 71 32 31 37  3 96 86 87 12 15 28 94  5  4  9 22 93 20 23 24 34  1 82
 52  6 14 41 72  8 38 69 78 97 30 95 35 44 90]
[82 47 62 23 45 68 24 34 81 56 58  5  9 15 79 70 87 28 64  4 96 22 86 94
 40  1 43 63 32 42 39 46 36 51 31 98 61 71 37 54 49  3 12 77 93 52 66 20
  6  8 57 41 72 14 38 78 69 97 30 95 90 35 91 44]
[91 10 84 29 73 75 59 95  2 90 35 44 30 69 82 97 78 38 47 57  8 14 24 23
 66 20 45  1 72 62 34 93 68 41  6 81 52 12  3 56 58 77  5  9 28 15 79 54
 87 70 49 51  4 37 71 64 31 61 96 98 86 22 46 42 94]
[10 91 84 29 73 95 90  2 30 69 35 78 82  8 57 14 38 47 44 23  1 24 66 62
 20 34 45 97 93 68  3 12 81 58 56 79 77  9  5 52 15 54 28 87 70 71 37 51
 31  4 64 49 61 98 96 46 41 43 39 42 36 32 86 22 63 40]
[ 0 92 85 67 55 53 50 48 27 25 19 18 13 99 11 88 26 74 60 21 76 65 17 83
 89  7 80 33 16 59 75 78 97 38 69 72 41 14 57  6 20 66 52 93 77 12  3 49
 54 37 71 98 31 61 51 36 42 39 46 32 63 64 22  4 96 40]
[99 85 53 50 48 25 67 13 11 92 55  0 18 19 27 26 88 74 60 21 76 65 17 83
 89  7 80 33 16 59 75 22 94 96 43 63 40 86 32  4 39 36 42 64 46 28 70 98
 61 87 79 51 15 31 37 71  9  5 54 49 56 81 58 77  3 68 62]
[11  0 55 85 67 53 50 48 27 25 19 18 99 13 92 88 26 74 60 21 76 65 17 83
 89  7 80 75 33 59 16 84 29 10 91 95 90  1 23 77 96 61 62 63 64 94 71 79
 81 82 58 86 87 70 12 56 54 15 22 24 28 31 32 36 39  3 42]
[25 53 48 67 85  0 55 50 92 99 88 13 27 11 26 18 19 74 21 60 76 65 17  7
 83 80 89 33 59 75 16 84 29 10  2 73 91 90 44 35 95 30 43 40 86 94 22 63
 96 32  4 64 39 36 46 42 70 28 87 98 79 15 61  9  5 31 51]
[75 59 89 60 83 48 25 53 85 99 50 67 55 92 11  0 13 88 18 26 27 19 21 74
 65 17 76 80  7 33 16 84 29 10 91  2 73 95 63 86 32 22 15 94 46 98 42 71
 96 43 64 36 40  4 87 61 37 39 70 51 79 31 28 54  9  5 56]
[75 59 16 86 94 40  4 43 64 22 28 96 70 56 81 46 63 87 32 79 39 42 15 36
  9 51  5 31 61 62 71 98 68 58 45 37 34 54  3 47 49 24 12 23  1 93 77 66
 82 20 52 89 57  6  8 14 72 41 33 38 80 83 17  7 60 65 78]
[75 59 16 89 33 83 80 60 88  0 26 55 53 13 92 85 18 50 48 27 67 25 99 11
 19 74 21 65 17 76  7 84 29 10 40  2 79 22 15  5 87  9 94 43 58  8 64  1
 34 23 96 24  4 86 68 70 97 28 45  6 56 72 81 78 52 41 62]
[75 59 16 89 84 25 48 50 53 99 67 85 11 13 92 55 18  0 19 27 26 88 74 60
 21 33 83 76 65 17 80  7 29  2 10 73 43 94 40 86 96  4 22 28 64 63 32 70
 42 46 39 36 61 51 31 98 56 87 71 79 15 81 37  5  9 54 44 62]
[ 8 82  6 20  1 52 23 24 93 47 66 51 49 54 45 43 40 39 98 46 58 56 37 61
 62 63 64 86 68 70 71 77 79 81 87 36 42 34 15 94  9 22 96  5 28  4 12 31
  3 32 72 41 57 14 38 78 69 97 75 30 59 95 35 44 90  2 84 73 29]
[59 75 16  0 92 85 67 55 53 50 48 25 18 99 13 11 19 27 88 26 74 21 60 76
 65 17 33  7 83 80 89 82 86 96 58  5 94 61 62 63 64 93 70 68 87 71  1  3
 77 79 54 81  4 56 49 28 37 23 22 24 39 40 20 31 42 36 34 12 45 46]
[33 89 85 53 48 25 99 50 67 11 55 92 13  0 18 19 27 26 88 74 60 21 80 83
 65 76 17  7 16 59 75 91 95 69 78 38 97 30 14 57 82 66 72 41 20  8  6 47
 93 12 52  3 23 24  1 77 62 45 34 54 71 49 68 51 37 31 61 58 81 56 98]
[ 7 83 17 80 65 76 60 21 74 88 26 99 48 18 50 11 55 13 67 85 92 53 25 27
  0 19 89 33 16 59 91 75 95 69 78 30 97 38 14 57 82  8 41 72 66 20  6 47
 93 24 12 23 52  1  3 62 77 34 45 68 54 81 56 49 71 31 37 58 51 61  9  5]
[65 76 21 60 74 88 26 25 27 48 50  0 55 67 85 92 53 19 99 18 11 13 17  7
 83 80 89 33 38 78 14  8 41 72 82  6 57 20 66 52 47 23  5 93 61 62 63  1
 64 94 96 86  3 81 70 71 79 87  4 49 56 22 24 15 28 31 32 36 58 39 40 42]
[46 43 71 86 31 94 42 96 51 36 32 40 39 63  4 70 28 56 61 98 64 37 81  3
 62 22 12 54 68 66 49 45 93 15 47 79 77 57  9 20 87 58 82 52  5 24 34 14
  6 38 69 23 78 72 41  1 97 95  8 30 35 44 90 91 73  2 84 29 10 48 25 85
 99]
