[75]
[59]
[59]
[59 75]
[30 44]
[30 44]
[30 90]
[84 90]
[96 86  4]
[75 84 59]
[75 84 29]
[75 84 59]
[75 84 29]
[84 75 29 10]
[84 29 75 10 91]
[84 29 10 75 73 91  2]
[84 29 10 75 73 91  2]
[84 75 29 10 91 73  2 59]
[84 75 29 10 91 73 59  2]
[75 84 29 10 59 91 73  2 90]
[75 84 59 10 29 91 73  2 90 95]
[75 59 84 10 29 91 73  2 90 16 95]
[84 40 94 43 86 22 96 64  4 70 28]
[84 29 10 75  2 91 73 59 90 44 35 95]
[84 29 75 10 59 91 73  2 90 44 95 35 30]
[75 84 59 10 29 91 73  2 16 90 95 44 35]
[84 75 29 10 59 91 73  2 90 16 44 95 35 30]
[84 75 29 10 59 91 73  2 90 16 44 95 35 30 33]
[84 29 10 73  2 91 75 90 44 95 35 30 59 97 43]
[84 29 10 75 91 73  2 59 90 44 95 35 30 97  8 22]
[84 29 10 75 73 91  2 90 59 95 44 35 30 97  8 69]
[84 29 10 73 91  2 75 90 44 95 59 35 30 97 69 78  8]
[84 29 10 73  2 91 75 90 44 95 35 59 30 97  8 78 69 82  1]
[84 29 10 75 91 73  2 90 59 44 95 35 30 97 69 78  8 38 82 72]
[84 29 10 75 91 73  2 59 90 44 95 35 30 97 78 69  8 38 72 41]
[75 10 84 29 59 91 73 25 48 53 85 99 50  2 67  0 92 55 88 11 13]
[43 86 40 94  4 22 96 64 28 70 87 56 79 15 81  9  5 58 68 62 45 34]
[10 29 84 91 75 73  2 59 90 95 44 35 30 16 40 43 94 22 86 96 64  4]
[86 40 64 63 46 43 39 32 22 94 96 42  4 36 28 70 31 51 61 71 98 56]
[10 29 84 91 73 75  2 90 95 59 44 35 30 69 57 78 14 38 66 20  6 93]
[84 10 29 91 73 75  2 59 90 95 44 35 30 69 38 78 57 14 66 20 72 93 41]
[10 84 29 91 75 73  2 59 90 95 35 44 30 69 57 38 14 78 66 20 93 12  3  6]
[75 10 59 91 29 84 73 16 43 86 94 56 15 96 22 63 64 79  4 40 28 46 45 32
 39]
[75 10 29 91 84 59 73 95 90 40 22 94 43 96 79 56 70 86 87  4 28  5 64  9
 15 32]
[75 10 91 29 84 59 73 96 94 28 15 64 43  9 70  4 86 22 79 87 40 32 34 56
 46  5 58]
[75 59 10 91 29 84 16 73 33  0 48 50 55 27 67 85 92 53 25 99 11 18 19 13
 88 26 74 21]
[75 59 16 10 33 29 89 80 91 84  7 83 17 65 76 60 21 74 88 26 27 19  0 18
 13 92 55 67 11]
[75 59 89 80  7 83 33 17 65 76 60 21 74 88 26 19 27 18  0 13 92 55 11 67
 50 99 53 48 25 85]
[ 0 92 85 67 55 53 50 48 27 25 19 18 13 99 11 88 26 74 60 21 75 76 65 17
 83 89  7 80 59 33 16]
[89 83 80 17 65 60  7 76 21 25 88 48 99 85 53 50 67 55 11 92  0 13 18 26
 19 27 74 33 16 75 59 91]
[75 59 89 19 99 25 48 50 53 85 55 92 18 11 13 67 27  0 26 74 88 21 60 76
 65 83 17 80  7 33 16 95 35]
[75 89 60 88 26  0 85 74 53 50 48 27 25 19 99 11 67 92 18 13 55 21 83 65
 76 17  7 80 59 33 16 91 10]
[75 84 10 59 29 91 73  2  3 66 57 71 31 51 93 20 14 61 12 38 46 37 54 42
 39 98 32 52 49 36 63 72 41 77]
[75 59 10 29 84 91 16 18 13 26 27  0 25 53 55 67 85 48 50 99 11 19 88 92
 74 60 21 76 65 73 17 83 89  7 80]
[75 59  0 92 85 74 67 55 53 50 48 27 26 25 19 18 99 11 13 88 21 60 76 65
 83 17 89  7 80 16 33 10 91 29 73 84]
[75 59 16 33 10 89 80 83  7 17 65 76 60 21 74 88 26 55  0 13 11 92 27 85
 53 50 48 67 99 19 18 25 29 91 84 73  2]
[59 75 89 80 83  7 17 65 76 60 21 74  0 27 48 50 67 55 26 85 88 92 53 25
 99 18 19 11 13 33 16 95 30 69 97 78 35 38]
[89 83 17 65 80 60 21 76  0 19 85 55 53 50 48 27 25 92 67 99 13 11 18 88
 26 74  7 33 75 59 16 69 78 38 14 97 72  8  6]
[ 0 92 85 67 55 53 50 48 27 25 19 18 13 99 11 26 88 74 21 60 76 65 17 83
  7 89 80 33 16 59 75 10 29 91 84 73  2 35 95 90]
[60 89 88 65 83 21 76 17 26  0 74 27 67 92  7 55 75 80 19 25 18 53 59 13
 99 11 48 50 85 33 16  8 63  9 24 61 66 68 70 71 64]
[48 25 53 99 85 50 67 92 55  0 11 88 13 18 26 27 19 60 74 21 65 76 83 17
 89  7 80 33 75 59 16 91 10 73 95  4 56 58 96 94 61 62]
[75 59 16 32 68 34 66 36 37 39 40 42 43 31 64 46 47 96 98 63 51 52 62 54
 61 56 57 45 58 49 14  1 94  3  4  5  6 93  9 87 86 12 82]
[75 59 95 16 30 90 35 44 69 97 78 38  8 82 41 14 57 52 34 93 24 45 62 72
 20 66  1 68  6 46 47 81 79 98 51 61 63 54 71 70 56 58 64 77]
[75 59 16 66 40 43 37 45 46 58 51 52 54 87 56 39 98 49 61 62 63 64 86 68
 70 71 77 79 81 82 36 34 42  3 22 94 23 24 93 32  4  5 15 12]
[75 59 16 23 24 56 87 54 28 51 98 31 32 34 46 36 37 45 39 22 58 42 94 81
 79  4  5 71 70 40  9 86 64 96 63 15 62 61 68 43 47 77 49  1]
[75 59 16 33 80 89  7 83 17 65 76 60 21 74 26 88 55 67 85 53 50 48 92 27
  0 99 18 13 19 25 11 12 93 24 61 63 64 66 68 70 71  9 77 79 81]
[75 34 12 47 23 49 45 42 43 51 77 46 37 36 86 98 40 54 56 58 61 62 63 64
 82 66 68 70 71 81 79 52 87 39 31  1  3  4  5  9 96 32 94 20 93 22]
[75 59 95 90 35  2 44 73 30 97 69 78 38 16 14  8 72 41 57  6 82 52 20 66
 87 77 42 43 81 71 46 98 51 70 86 56 64 58 63 61 39 79 37 94 96 28]
[75 59 95 30 90 35 44 97 69 78 38 14  8 72 41 57 82  6 20 66 23 24 52  1
 62 93 45 77 47 12 63 81 71 54 64 56 68 61 43 51 49 86 94  3  4 34 96]
[75 59 16 91 10 29 73 84 33 95  2 42 31 46 51 32 71 39 61 63 36 98  3 37
 54 12 66 93 90 35 49 20 57 69 77 80 52 44 14 38 78 89  6 30 97 41 72]
[75 59 16 10 91 29 33 73 84  2 95 80 89 90  7 83 17 35 65 37 36 40 49 43
 46 51 58 62 68 81 42 56 39 31 22 96 94 32  3  4  5 71 70  9 64 63 61 15]
[59 75 16 33 10 91 29 80 89  7 83 17 65 76 60 21 88 74 53 26 50 25 27 99
 19 48 13 11 85 92 55 67  0 18 73 84  2 35 44 95 90 69 97 78 38 30 14 57
 82]
[75 59 16 33 80 10 89 91  7 83 17 65 76 60  0 18 50 48 53 67 85 88 92 55
 25 99 11 13 26 27 74 21 19 29 73 84  2 95 90 68 62 49 71  9 77 12 81 82
 24 61]
[42 32 34 36 37 39 40 43 46 98 51 52 54 56 58 61 63 64 68 70 87 77 79 81
 31 28 86 15  5 24  9 22  3 94 96  4 47 45 71 49 12 23  1 93 62 20 66 82
  6  8 41]
[61 71 98 49 63 62 28 87 31 32 58 36 56 39 40 42 43 54 45 46 37 22 51 70
  4  9 94 81 96 79  5 68 86 64 15 34  3 24  1 47 23 77 12 93 52 66 20 82
  6  8 57 41]
[16 59 75 33 25 99 67 53 50 48 11 85 92 55 13 18  0 19 27 26 88 74 60 21
 65 76 89 83 17 80  7 10 91 29 95 84  8  1 62 23 68 34 24 61 94 96 15 56
 63 47  9 28 45]
[16 75 59 99 85 53 50 25 67 48 11 92 55 13 18  0 19 27 88 26 74 60 33 21
 76 65 89 83 80 17  7 10 91 29 95 73  2 30 84 69 35 90 78 44 97 38 14 57
 72 41  6  8 66 20]
[16 75 59 33 99 85 50 48 25 53 11 67 55 13 92 18  0 19 27 88 26 74 10 91
 60 89 21 80 65 76 83 17  7 95 73 29 30 90 35  2 84 69 97 78 44 38 14 72
 57 41  6  8 20 66 82]
[95 30 90 35 69 97 78 44 38 14  8 57 72 41 82  6 66 20 47 93 52 23  1 24
 34  3 12 77 51 98 87 86 49 56 58 61 46 63 64 68 70 71 79 54 62 40 43  4
  5  9 96 15 94 45 22]
[91 10 29 84 73  2 90 95 44 35 30 97 78 69  8 38 72 14 41 82 57  6  1 23
 24 47 20 66 52 34 93 45 77 58 12 68 62  3 49  5  9 79 56 54 96 15 94 36
 32 70 46 22 87 43 42 28]
[91 73 84 90 95  2 35 29 44 30 97 69 78 38  8 14 41 72 57 82 93  6 20 23
 24 47 52 64 46 63 98 70 81 61 51 58 68 79 54 77 56 45 62 66 49 42  1  3
  4  5  9 96 12 15 43 22 94]
[ 6 49 36 77 39 40 42 43 45 46 47 98 51 52 54 82 56 57 58 81 61 62 63 64
 79 66 68 70 71 34 32 37  5 15  3 31 94 93 20 96 22 23  4  1 87 86 28  9
 24 12 41 72  8 14 38 69 78 97]
[30 69 78 97  8 20 72 66 24 41 38 52 14 47 49 98 43 45 42 40 39 46 82 54
 81 79 56 57 58 77 61 62 63 64 68 51 37 71 70  1  3  4  5  6  9 96 12 15
 94 36 22 93 34 87 32 31 86 28 23]
[30 69 78 97 38 14  8 72 57 41 82  6 79 71 42 43 45 70 46 47 98 87 51 52
 86 54 56 58 40 61 62 63 68 64 81 66 39 49 20  3  4  5  9 12 96 15 94 37
 22 77 31 32 36 28 34  1 23 24 93]
[91 10 29 73 84 95 90  2 30 35 44  8 82 47 23 24 61 37 62 36 42 40 56 43
 87 45 46 98 94 51 39 32 64 28  1  3  4  5 86  9 12 81 31 79 71 70 68 66
 22 96 63 77 58 54 49 93 15 34 52 20]
[10 91 29 84 73  2 95 90 35 44 30 97 69 78  8 82 49 24 62 34 23 38  1  3
 22 46 47 86 51 54 56 58 81  5 45 63 64 79 68  4 70 71 61  9 98 42 93 94
 87 28 15 31 32 43 12 36 96 77 37 40 39]
[10 91 29 84 73  2 90 95 35 44 30 97 69  8 78 82 34 66  1 23 24 47 52 45
 51 46 98 56 54 79 43 58 61 62 63 64 77 68 70 71 81 42 49 40  3  4  5  6
  9 96 12 15 94 20 22 93 86 39 37 87 31 32]
[10 84 91 29 73  2 90 95 44 35 30  8 97  1 24 58 23 78 34  9  5 79 69 41
 15 87 82 72 38 47  6 45 68 14 22 62 52 81 40 56 57 77 64 20 70 28  4 49
 93 94 96 43 66 12 86 54 37  3 98 61 63 71 36]
[ 1  3 49 34 36 37 39 40 42 87 45 46 47 98 51 52 54 56 58 61 62 63 64 68
 70 71 77 79 81 32 31 43 86  9 12 15  5  4 22 23 96 94 28 24 93 82  8 20
  6 66 41 72 57 14 38 78 97 30 69 90 10 44 35 95]
[91 84 73 29 10  2 90 95 44 35 30 97 69 78 38  8 47 46 98 45 51 52 54 56
 49 58 61 43 63 64 66 87 68 70 71 77 79 81 82 57 62 42 40  1  3  4  5  6
  9 12 96 14 15 41 22 23 94 32 39 37 36 34 24 31 28]
[48 85 25 99 53 11 67 50 55 13 92 18  0 19 27 26 88 74 21 76 60 65 17  7
 83 80 89 33 16 59 75 12  1 61 62 63 64 58 66  3 56 70 71  4 77 79 81 86
 87 93 94 96 68 54 49 52 15  9 20 22 23 24 28 31  5 34]
[91 73 10 95 29 90 30 35 44 84  2 97 69 78 38  8 14 72 41 57 82  6 20 66
 47  1 52 23 24 93 77 12 34  3 45 62 49 68 54 58 37  9 81 71 79  5 15 98
 61 51 31 56 42 64 32 22 87 46 36 28  4 86 43 40 70 96]
[95 73 91 30 90 94 40 43 70 28 22 87 64 96  4 79 86  9 56 15  5 81 58 68
 63 45 32 62 34 36 39 46  1 42 24 23 98 61 37 51 47 49 31 54 71 77  8 82
 52 12  3 93  6 35 20 72 41 66 97 14 57 38 78 69 44  2 29]
[48 25 85 53 99 50 67 55 92 11  0 13 18 88 27 19 26 60 74 21 65 76 83 17
 89  7 80 33 59 75 16 84 10 29 91 73  2 95 90 44 35 30 69 97 78 38 14 57
 72 66 41 20 82  6 93  8  3 12 52 47 77 71 31 54 49 23 24 51]
[75 59 16 33 80 89 48 85 99 25 53 50 11 13 67 18 55 92  7 19 27  0 83 74
 26 88 76 17 21 65 60 10 91 29 84 73  2 95 90 35 44 30 97 69 78 38 14 72
 41  8 57  6 82 66 20 52 93 47 77  1 12 24 23 68 79 81  3 94 96]
[95 91 73 90 30 84 29 69 10 35  2 82 44 78 97 47 38  8 62 23 57 24 14 45
 68  1 34 81 56 66 72 41 58 20 28 70  5  4  6  9 15 93 79 64 87 96 12  3
 86 52 77 94 22 43 71 54 49 37 31 51 40 61 98 42 46 36 39 32 63 75]
[75 59 10 91 79 56 15  9 45 87 81 34 43 46 31 86 51 28 36 39 32 40 94  4
  5 71 70 58 68 96 22 62 64 63 61 42 98 24 47 23 54 37  1  3 82 49 12 93
 77 66 52 20  8 57  6 14 41 72 38 69 78 30 29 97 95 84 16 73 90 35 44]
[75 59 16 33 89 80  7 83 81 86 28 43 22 62 40 45 94 96 64 70  4 15  5 56
 87  9 68 79 58 42 32 46 36 51 39 63 31 34 61 71 47 98 23 24 37  3  1 82
 54 12 49 93 66 17 77 20 57 65 52 76 60  8 26 21 67 88 11 74 50 19 55 27]
[75 59 16 10 91 84 29 73 95 81 58 36 37 28 56 68 40 42 43 87 45 32 31 30
 46 39 77 34 98  1 86  3  4  5 70 64 94 63  9 96 61 15 71 79 22 23 24 62
 51 54 52 49 12 93 47  8 20 82  6 66 41 57 72 14 38 78 90 69 97 35 44  2
 33]
[75 59 43 70 64 46 42 40 28 94 22 96 86  4 36 81 71 32 31 63 87 61  5 51
 39 45 98  9 62 68 79 37 58  3 54 56 49 34 15 77 12 24 23  1 52 93 47 66
 20  6  8 82 41 72 57 14 38 78 97 69 30 95 44 35 90 91 10 73  2 84 29 16
 33 80]
[75 59 16 84 29 10 91 73  2 95 90 30 69 78 23 57 14 36 37 86 54 87 51 61
 39 40 63 81 42 43 98 62 64 46 49 96  1  3  4  5  6 79  9 77 12 70 28 94
 20 22 24 71 56 31 32 15 66 68 82 52 93 58 47 45 34 38 72 41  8 35 97 44
 33 80 89]
[75 59 84 29 10 16 91 73 95 30 69  2 78  8 38 14 72 82 57 41 47  5  6 68
 71  9 81 20 56 54 98 86 51 52 64 61 62 63 46 79 66 70 77 58 45 49 43 12
 22 23 24 96 87 28 94 32 31 34  3 36 37  1 39 40 42  4 15 93 97 90 35 44
 33 89 76 85]
[75 59 16  7 17 65 76 19 18 21  0 60 67 55 53 50 48 74 85 88 92 26 25 99
 13 11 27 83 33 80 89 95 69 78 38 14 57  8 82 70 64 68 63 62  9 71 61  5
  4 77 79 81  3 86 87  1 93 94 96 72 23 49 58 22 28 31 32 34 36 37 39 41
 42 43 45 40 56]
[58 81 54 62 47 51 49 56 86 28 31 32 87 34 98 36 37 39 40 42 43 24 23 22
 93  1 79  3  4  5 77 71 70  9 68 12 96 64 15 63 61 94 46 45 52 66 82 20
  6  8 41 57 72 14 38 78 69 97 30 44 35 90 95  2 84 73 29 75 91 10 59 16
 33 80  7 89 17 83]
[51 31 36 39 15  9 56 47 32 40 43 45 46 42 61 62 63 64 87 70 79 81 28 94
 86 22  4 96 71 68  5 58 54 37 98 82  3 34 49 24 12 23 93  1 66 77 20 52
 57  6 14  8 41 72 38 69 78 30 97 95 35 90 44  2 73 91 84 29 10 75 59 16
 33 80 89  7 83 17 65]
[ 8  1 23 24 34 58 45  9 15  5 68 79 22 87 96 86 40 28 94 43 63 64  4 70
 56 46 32 42 36 39 81 62 98 61 31 51 71 47 37 54 49 82  3 12 77 93 52 66
 20  6 57 41 72 14 38 78 69 30 97 95 90 35 44  2 73 91 84 29 75 10 59 48
 25 85 99 53 50 11 55 67]
[89 83 17 80 60  7 65 76 21 88 26 74  0 27 19 18 11 55 67 92 50 53 85 25
 99 13 48 33 75 91 95 59 30  8 72 64 63 66 68 24 70 71 61 12 23 79  6 81
  5  4 86 87  3 93 94 96  9 77 49 40 39 58 34 41 42 43 32 31 46 36 47 98
 20 22 51 52 15 54 56 28 37]
[ 0 27 19 18 13 92 85 67 55 53 50 48 25 99 11 88 74 26 21 60 76 65 17  7
 83 80 89 33 75 59 79 68 56 58 45 62 15 87 81  4  5 63 64 47 70 94  1 24
  9 28 43 34 23 22 96 40 86 36 32 46 42 39 98 71 31 51 61 82 54 37 49  8
  3 77 12 52 93 20 66  6 41 72]
[84 29 10  2 73 75 91 59 90 44 95 35 56 58 15 63 81 68  5  9 32 86 87 70
 46 62 43 40 39 79 36 64 42 94  4 28 96 22 45 34 98 61 31 51 71 24 23  1
 47 37 54 49  3 12 82 77 93 52  8 66 20  6 41 72 57 30 14 38 78 97 69 16
 89 33 80 83 17  7 65 60 76 21]
[69 78 38 57 14 82 66 72  8 47  6 20 93 23 24 41 46 43 98 42 51 52 40 45
 71 56 81 70 39 58 79 61 62 63 64 77 68 54 49 37 36  9 96 12 15  4  3 94
 22 87 28  5 32  1 34 86 31 97 30 95 35 44 90  2 73 91 84 29 10 75 59 16
 88 85 92  0 27 11 13 18 19 21 25]
[40 43 94 86 22 96  4 64 28 70 87 79 15  9  5 56 81 58 62 68 45 34 24  1
 23 47 49  8 63 82 52 77 36 39 98 32  6 54 42 37 41 46 72 61 12 93 71 20
 31 14 51  3 66 57 38 78 97 69 30 91 84 95 73 90 29 10 35 44  2 75 59 16
 89 83 60 88 85 92  0 26 11 13 18]
[90  2 44 35 95 30 73 97 84 69 78 38  8 14 72 41 57 82  6  1 20 24 23 52
 66 47 77 93 46 98 51 70 81 54 79 56 45 61 62 63 64 68 71 58 49 42  4  5
  9 96 12 15 94 43 22 87 36 28 40 39 37 86 32 34 31  3 29 91 10 75 59 16
 85 92  0 67 11 13 18 25 48 50 99 53]
