[75]
[75 59]
[63 32]
[63 32]
[43 40]
[75 84]
[75 59]
[75 59]
[75 84]
[75 84 29]
[75 84 10]
[75 59 84]
[75 59 10 84]
[75 84 10 59 29]
[75 59 10 84 29 91 73]
[75 59 10 16 84 29 91 73]
[75 59 16 10 29 84 91 73]
[75 59 16 10 29 84 91 33 48]
[75 59 10 16 84 29 91 73  2 90]
[75 59 10 84 29 16 91 73  2 90 95]
[75 59 10 84 29 16 91 73  2 90 95 30]
[75 59 16 10 91 29 48 85 25 53 50 99 11]
[75 59 16 10 91 29 73 84 95 90 69 78 35 30]
[75 59 10 91 16 29 73 84 95 90 40 43 94 86 22]
[75 59 16 10 91 29 84 73 95 90  2 69 35 30 57 66]
[75 59 16 10 91 29 95 69 73 78 97 30 38 14 57 72 41]
[75 59 16 10 91 29 73 95 84 35 69 30 78 97 44  2 90 38 14]
[75 59 10 91 69 95 97 78 30 35 38 44 14 57 29 72 41 66 20  6]
[75 59 10 91 16 29 73 95 84 90 30 35 44 69  2 97 78 38 14 57  8]
[75 59 10 91 16 29 73 84 95 90 30 35  2 44 69 97 78 38 14 57  8 72]
[43 94 40 86 96  4 22 64 70 28 56 87 81 79 15  5  9 62 68 45 58 34 47]
[ 8 82 78 97 69 38 47 41 72 14 23  1 24  6 34 45 62 58 52 68 57 93 81]
[90 30 44 95 35 97 69  2 78 73 38  8 14 72 41 57 82  6 20 66  1 47 23 24]
[ 8 82 47 23 24  1 57 14 34 45 72 41 62 68 66  6 20 58 81 52 93 56  5  9
 15]
[95 90 73 30  2 35 44 97  8 82 46 87 43 47 39 37 36 42 40 56 51 58 61 63
 64 68]
[90 95 73  2 30 35 44 97  8 42 87 39 37 46 36 40 98 49 32 56 58 61 62 63
 64 70 71]
[90 95 73 30 35  2 44 97  8 34  1 68 24 77 45 58 23 42 87 39 46 47 40 49
 51 54 56 61]
[90 95 73  2 35 44 30 97  8 47 40 36 43 32 46 98 39 42 31 56 58 61 63 64
 87 70 77 79 81]
[91 73 84 29 95 90  2 10 35 44 30 97 69 78 38  8 14 72 41 57 82  6 52 98
 51 46 87 47 54 49]
[54 93  1  3 77 12 46 45 43 49 40 39 37 36 81 47 42 51 98 32 56 58 71 61
 62 63 64 70 79 31 34]
[49 32 81 36 37 39 40 42 43 45 46 47 79 98 51 77 54 56 58 71 61 62 63 64
 70 66 31 28 34 68 82 15]
[91 73 84 29 32 34 36 37 39 40 42 43 45 46 47 49 81 51 79 54 56 58 61 62
 63 64 71 68 31 98 70 28  1]
[34 32 81 36 37 39 40 42 43 45 46 47 79 98 51 54 56 58 71 61 62 63 64 70
 31 28 68 87 94 96  9  5  4]
[91 73 95 90 30  2 35 44 43 52 45 46 47 40 98 51 37 42 87 49 36 56 58 61
 62 63 64 66 68 70 71 82 81 77]
[91 73 95 90 84  2 30 35 44 29 97 82 43 42 40 39 45 46 47 79 49 37 52 77
 54 56 58 71 61 62 63 64 70 66 98]
[91 84 73 10 29  2 90 39 51 28 31 32 87 98 36 37 86 47 40 46 42 34 54 22
 43 79  4  5 71 70 68  9 96 56 81 64]
[40 43 94 22 86 87 79 64  9 96 15  5 58  4 28 70 34 56  1 68 24 81 23 45
 62  8 63 49 47 77 39 32 52  6 36 98 41]
[48 25 85 99 53 50 11 67 13 55 18 92 19  0 27 26 88 74 21 60 76 65 17 83
  7 89 80 33 16 59 75 84 29 10 73  2 91 90]
[99 85 67 55 53 50 48 25 18 13 11 92  0 19 27 26 88 74 21 60 76 65 17 83
  7 89 80 33 16 59 75 84 29 10 91 73  2 90 95]
[85 48 25 99 53 50 11 67 55 92 13 18  0 19 27 26 88 74 21 60 76 65 17 83
  7 89 80 33 59 16 75 84 29 73  2 10 91 90 95 44]
[99 85 53 50 48 25 11 67 55 13 92 18  0 19 27 26 88 74 21 60 76 65 17 83
  7 89 80 33 16 59 75 10 29 84 91 73  2 90 95 35 44]
[48 25 53 85 99 50 55 67 92 11  0 13 18 27 19 88 26 74 60 21 65 76 17 83
 89  7 80 33 59 75 16 29 10 84 91 73  2 90 95 35 44 30]
[48 99 85 25 53 50 11 67 55 13 92 18  0 19 27 26 88 74 21 60 76 65 17 83
  7 89 80 33 16 59 75 10 29 84 91 73  2 69 78 97 38 72 52]
[16 33 59  7 75 80 17 76 89 83 65 74 21 19 18 13 11 27 26 60 85 55 99 50
 88 67 92 53  0 48 25 10 29 84 91 73  2 90 94 86 22 96 70 68]
[74 26 27 88 19 18  0 13 92 55 11 21 67 50 99 53 85 25 48 60 76 65 17 83
  7 80 89 33 16 59 75 10 91 29 84 73  4 40 86 94 43 96 28 70 46]
[ 1 23 34 24 47 45 62 58 68  5  9 82 79 87 15 56 81 71 70 31 22 51 28 64
  3  4 61 96 46 42 40 12 86 54 94 37 39 98 43 36 93 32 49 77 63 52]
[48 25 85 99 53 50 11 67 13 55 92 18  0 19 27 26 88 74 21 60 76 65 17 83
  7 80 89 33 16 59 75 90 95 73 30  2 84 91  8 44 23  1 35 58 24 82 47]
[76  7 65 74 21 17 19 26 27 60 18 88 13 11 92 80  0 67 55 33 50 99 53 85
 83 48 25 89 16 59 75 10 91 29 73 84  2 95 90 35 44 30 97  8 78 69 72]
[33 85 48 99 53 50 25 11 13 18 67 55 92 19 27  0 74 26 88 76 21  7 65 60
 17 80 83 89 16 59 75 10 91 29 73 84 95  2 90 35 30 44 94 28  4 96 86]
[33 16  7 80 83 17 89 65 76 60 21 74 19 27 26 18 88 13 55 11  0 48 50 99
 85 25 53 67 92 59 75 10 91 29 84 73  2 95 90 35 44 43 86 63 40 94 39 22]
[16 33 59 80  7 83 17 18 19 25 48  0 53 67 85 92 50 55 99 11 13 27 26 88
 74 21 76 60 65 89 75 10 29 91 84 73  2 95 90 35 44 30 97 51 58 56 68 34
 81]
[16 59 33 99 85 67 55 53 50 48 25 11 13 92 18 19  0 27 26 88 74 21 76 60
 65  7 17 80 83 89 75 10 91 29 84 73  2 95 90 35 44 96 94  4 28 40 86 43
 64 70]
[16 33 59 13 25 11 50 99 55 67 85 53 48 18 92 19 27  0 26 88 74 21 60 76
 65  7 17 80 83 89 75 10 91 29 84 73  2 95 90 35 44 51 81 56  4 62 70 68
 64 46]
[16 59 75 33 80 89  7 83 17 65 76 21 60 74 26 88 27 19  0 18 13 92 55 67
 11 50 99 53 85 25 48 10 29 91 43 86 94 46 42 40 96 51 31 32 39 61 71 36
 63  4 28]
[75 59 16 33 80 89  7 83 17 65 76 60 21 74 88 26 27 67 53 50 48 85 92 55
  0 99 18 25 11 19 13 40 43 94 86 22 96  4 64 70 28 15 87 79  9 56  5 81
 58 68 62 45]
[43 94 40 86 96 22  4 64 28 70 87 79 56 15 81  5  9 58 68 62 45 34 23 47
 24  1 82  8 30 95 38 90 66 57 78 41 14 93 97 77 20 71 72 52  6 69 31 37
 61 49 12  3 54]
[99 85 53 50 48 25 11 67 55 13 92 18 19  0 27 26 88 74 21 60 76 65 17  7
 83 16 80 89 33 59 75  4 86 40 64 96 28 22 94 43 56 70 81 87 79 15  9  5
 46 32 68 62 42 39]
[16 33 59 80  7 17 89 83 65 76 21 60 74 26 88 19 27 55 53 67 85 50 48 92
  0 99 11 13 25 18 75 40 43 94 22 86 64 96  4 28 70 87 79 15  9  5 56 81
 68 62 45 58 34 47 23]
[75 59 89 33 80 83  7 17 65 76 60 21 74 26 88 27 19  0 18 92 13 55 67 11
 50 53 99 85 25 48 16 15 58 79 56 45  5 81 22 64 70 46  9 63  4 42 28 96
 94 32 43 36 68 87 39 40]
[27  0 92 88 85 67 55 53 50 48 26 25 19 18 99 13 11 74 21 60 76 65 17 83
  7 89 80 33 59 16 75 81  5 56 58 96 94 61 62 63 64  1  4 68 70 71 87 86
 54 79 15 49 32 31 36 28 37]
[59 16 75 33 89 80  7 17 60 83 21 65 76 74 88 26 27 19  0 18 92 55 67 13
 11 50 99 48 53 85 25 84 29 10 73 91  2 90 44 20 66 68 12 70 71 64 24  5
 77 79 81  4 86 87  3  1 93]
[60  0 88 55 25 53 48 85 92 50 99 67 26 11 13 18 27 19 74 21 94 61  4 58
 56 54 51 98 47 62 63 68 96 46 70 71 79 81 86 87  1 64 45  5 24 15 22 23
 43  9 28 31 32 34 36 49 37]
[84 29  2 10 73 91 90 44 35 95 30 97 78 69  8 82 47 23  1 31 56 51 70 36
 40 43 46 34 42 24 98 86 22 87 77 61 94  4 68 28 62 64 96 12 58 52 54 79
 63 81 49 45  3  5  9 15 20 93]
[48 85 99 50 53 25 11 13 18 67 55 19 92 27  0 74 26 88 21 76 65 60  7 17
 83 80 89 33 16 59 75 10 29 91 84 73  2 51 15 62  5 58 61 63 79 81 71  9
 36 32 39 46 45 96 68 94 22 64 28]
[ 7 76 17 65 21 60 74 26 88 27 19  0 53 13 48 25 67 85 18 92 11 55 99 50
 83 80 89 33 16 59 75 22 63 46 43 36 40 32 86 39 96 94 64 42  4 98 61 28
 70 87 31 79 51 15 37 71  9  5 49]
[48 85 25 99 53 50 11 67 13 18 55 92 19  0 27 26 74 88 21 76 60 65 17  7
 83 80 89 33 16 75 59 40 46 43 42 63  4 64 56 39 36 96 32 94 86 22 70 28
 87 98 51 79 31 61 81 15 71  5  9 62]
[25 48 53 85 99 50 67  0 55 92 11 88 13 18 26 27 19 60 21 74 83 89 65 17
 76  7 80 33 16 59 75 93 86 96 56 58 94 61 62 63 64 68  1 70 71 87 77 79
 54 81 82 66  3 49 51  9 12 15 20 22 23]
[ 2 84 44 35 97 75 78 69 30 90 29 38 14 59 57 72 41  6 66 20  8 52 93 77
 12 82  3 49 54 37 47  1 23 71 24 51 31 61 98 34 36 42 39 46 32 45 63 62
 68 58  5  9 81 56 15 79 87 70 28 64 22 86]
[75 59 33 80  7 89 83 17 65 76 21 60 74 26 88  0 18 27 11 19 55 92 67 13
 85 53 50 48 99 25 16 84  2 29 10 44 90 35 73 40 43 94 63 32 86 36 39 46
 22 42 96 98 64  4 61 31 51 28 70 71 37 79 15]
[75 59 16 19 25 26 27 48 50  0 55 67 85 88 92 18 53 99 13 11 74 60 21 76
 65 83 17 89  7 80 33 10 84 29  2 73 91 90 95 35 44 30 97 69 78 38  8 14
 82 72 41 57 47  6 24 71 96 94 87  4 70 77 79 86]
[30 97 69 78 38 14 72 41  8 57  6 20 82 52 66 93 77 23 12 47  1 51 87 96
 54 56 46 98 86 62 61 63 64 43 94 68 70 71 81 79 58 49 45 40 24 15  9  5
 28 31  4 22 32 34 36 37 39  3 42 44 35 95 90  2 73]
[ 7 76 65 21 25 26 27 48 50 53  0 67 74 85 88 92 55 19 99 18 11 13 60 17
 83 80 89 33 16 59 75 10 29 84 73  2 91 90 44 35 95 30 97 69 78 38 72 14
 41 20 70 71 96  5 94  4 77 23 93 81 82 22  3 86 87]
[84 91 73 29  2 10 90 95 44 35 30 97 69 78 38 41 72  8 14 57  6 82 20 52
 66 93 77  1 23 12 24 47 49  3 34 54 37 58 45 71 68 62 98  5  9 61 15 51
 81 31 36 39 42 28 64 63 40 86 22 87 43 56 94 70 79 32]
[91 95 73 30 90 69  8 86 98 87 47 46 43 51 42 40 39 45 52 49 37 56 58 82
 81 61 62 63 64 79 66 68 70 71 54 36 77 34  1  3  4  5  6  9 12 14 15 94
 22 96 24 32 31 28 93 23 20 72 41 57 38 78 97 35 44 84 10]
[ 8 82 49 34 36 37 39 40 42 43 45 46 47 98 81 51 52 79 54 56 58 77 61 62
 63 64 66 71 68 32 31 70 15  4  9 20 96 87 22 94 23 24 86  3 12  1 28  5
 93  6 57 41 72 14 38 78 69 30 97 95 90 35 44 73 91  2 84 29]
[48 85 99 25 50 53 11 13 18 67 55 92 19 27  0 74 26 88 21 76 60 65 17  7
 83 80 89 33 16 59 75 15 61 63 62  3 58 56 64 68 77 71  4 79 81 82 86 87
  1 93 94 96 70 54 49 52 12 22 23 24  9 28 31 32  5 36 37 39 34]
[82 57 49 34 36 37 39 40 42 86 45 46 98 51 56 32 58 61 62 63 64 68 70 71
 79 81 54 31 43 87 28 15  9  5  4 22 96  3 94 23  1 93 47 24 66 77 12 52
 20 14  8  6 41 72 38 69 78 97 30 95 91 35 90 44 73 10  2 84 29 16]
[82 47 45 34 58 79 62 15 68 61 87  3 71 51 37 98  5 56 31 81  9 70 32 86
 28 39 42 40 22 63 43 64 94 46 96  4 36 54 24 23 49 12  1 93 66 77 20 52
 57  6 14  8 41 72 38 69 78 97 30 95 35 90 44 91 73  2 10 29 84  7 76]
[82 47 24 23 66 68  3 45 34 62 87  1 79 28 98 31 70  9 15 32 86 36 37 46
 39 40 71 81 22 42 54 56 93 94 58 61 12 96 63 64  5  4 51 43 49 77 20 52
 57  6 14  8 41 72 38 69 78 97 30 91 95 73 35 90 10 44 29 84  2 18 92 85]
[91 10 69 95 82 57 38 14  8 47 66 20 23 24 93  6  1 72 62 41 12  3 34 52
 45 68 77 81 58 56 54 71 49 31 51 87 37  9  5 28 79 61 98 70 15  4 94 43
 64 32 96 36 39 40 46 42 86 63 22 78 30 73 97 29 90 84 35 44  2 85 92  0]
[48 85 99 25 50 53 11 13 67 18 55 92 19 27  0 26 74 88 21 76 60 65 17  7
 83 80 89 33 91 95 73 90 30 35 44  2 69 97 78 38 14  8 57 72 41 82 66 20
 52 96  3 68 94 70 79 93  1 87 86 77 81 71 64 15 62 12 22 23 24  9 28 31
 32]
[ 0 85 67 53 50 48 25 11 99 55 13 18 92 27 19 26 88 74 60 21 76 65 17 83
 89  7 80 33 16 59 75 31 51  3 71 69 66 57 46 42 61 38 78 12 20 14 39 93
 32 98 36 37 82 54 97 47 63 49 62 81 77 41 56  6 72 52 70 95  4 45 28 68
 86]
[25 48 99 85 53 50 11 67 55 92 13 18  0 19 27 88 26 74 21 60 76 65 17 83
  7 89 80 33 16 59 75 91 95 69 78 97 35 38 14 57 72 41 66 82 20  6  8 93
 12 52 47  3 77 23  1 24 68 70 79 81 86 87 96 94 71 56 49 63 15  9 22 28
 31 32]
[65 76 60 21 17 74 88 26 27  0 19 13 92 18 48 67 85 25 55 50 53 99 11 83
  7 80 89 33 59 16 75  2 44 35 29 97 90 84 78 30 69 38 72 41 14  6 57  8
 52 20 66 77 93 12 49 82  3 54 37  9 79 36 81 34 32 86 28 15  1 24 94 96
 23 87]
[65 76 60 21 27 74 26  0 88 19 85 55 53 50 48 92 25 67 99 18 11 13 17  7
 83 80 89 33 59 16 75 29 84 10  2 91 73 44 35 90 95 97 30 69 78 38 14 57
 41 66 72 20 93  6  3 12 52 77 71 54 37 31 49 51 61 98 42 46 39 36 32 63
  8 82 47]
[ 7 76 17 65 21 80 74 19 26 27 88 18 13 60  0 92 11 55 67 50 99 53 85 48
 25 83 89 33 59 75 16 10 29 84 91 73  2 90 95 35 44 30 97 69 78 38 14 72
 57 41  6  8 66 20 93 52 82 12 77  3 49 47 61 37 36 34 86 87 32 39 31 15
  1 24 94 23]
[76 65 21 74  7 60 26 19 27 88 18 13  0 55 11 92 67 85 50 53 99 48 25 17
 83 89 80 33 59 16 75 29 10 84 91 73  2 90 35 44 95 30 97 69 78 38 14 41
 57 72  6  8 20 66 52 93 82 12 77  3  1 49 23 62 22 96 94 15 28 32 87 86
 36 39 40 81 79]
[25 48 53 85 99 50 67 55  0 92 11 88 13 18 26 27 19 60 74 21 65 76 17 83
  7 89 80 33 59 75 16 10 29 84 91 73  2 95 90 43 86 94 96 46  4 40 28 32
 64 42 70 63 39 51 31 36 22 71 61 56 81 98  3 37 62 79 87 54 68 15 12  9
 45  5 49 66 93 47]
[48 25 85 53 99 50 11 67 55 92 13  0 18 19 27 26 88 74 60 21 65 76 83 89
 17  7 80 33 59 16 75 84  2 29 81 62 56 28 70 86  4 96 43 22 64 94 40 87
 15 79 68  5  9 45 42 58 46 63 32 39 36 31 51 47 71 34 61 98 82 23 24 37
  1 54  3 12 49 90 93]
[17 83 65 76  7 60 21 89 74 88 26 27 19  0 18 13 92 55 67 11 53 99 50 48
 25 85 80 33 16 59 75 84 29 10  2 91 73 15 79 87  9 56 96 64 86  5  4 70
 94 22 40 43 28 81 63 58 39 36 32 62 46 45 68 42 34 98 61 51 31  1 23 37
 24 71 54 49 47 77  3 12]
[48 25 85 99 53 50 11 67 55 92 13 18  0 19 27 88 26 74 60 21 76 65 83 17
 89  7 80 33 75 59 16 84 29 10  2 91 44 73 90 35 95 30 97 78 69 38 72 41
 14  8 57  6 20 52 66 82 93 77 12  1 23 24 47  3 49 54 37 34 58 71 68 45
 98 87 36 32 31 63 86 94  9]
[69 82 57 30 47 66 14 38 86 78 95 56 62 28 20 70 97 96 81 12  4  3 72 41
  6 93 45 68 51 71 31 52 43  8 24 61 34 46 77 23 64 54 94 37 49 39 98 42
  1 63 36 32  5 58 79 15 22  9 87 40 35 90 44 73 91  2 84 29 89 10 83 60
 65 21 88 74 26  0 27 19 92 67]
[91 59 73 75 95 10 27 48 25 85 26 11 55 13 53 50 92 18 67 99 88  0 19 74
 60 21 76 65 90 83 89 17  7 29 80  2 84 30 35 44 33 97 69 78 38  8 14 72
 41 57  6 82 20 52 66 93 77 47  1 23 24 12  3 49 34 54 37 45 62 61 68 58
 98 51 31 81 71 46  9  5 94 42 40]
[75 84 64 28 86  4 43 22 94 63 40 36 39 32 46 42 70 96 31 51 61 98 71 87
 56 79 81 15 37  9 54  5 62 49  3 68 58 45 12 34 77 93 66 47 23 52 24 20
  1 82  6 57 14 72 41  8 38 78 69  2 97 35 90 44 95 73 30 29 91 10 59 89
 83  7 17 60 65 80 76 21 88 26 74]
[48 25 99 85 53 50 67 55 11 92 13  0 18 19 27 26 88 74 60 21 76 65 83 89
 17  7 80 33 37 54  3 82 47 61 58 63 64 56 62 12 79 70 71 81 86 87  1 93
 94 96 68  5  4 51  9 15 22 23 24 28 31 34 36 39 40 32 49 42 98 46 43 45
 77 52 66 20 57  6  8 14 72 41 38]
[75 86 43 94 40 96  4 28 70 64 46 42 22 32 39 51 31 56 63 36 71 81 61 98
 62 87 79  3 37 68 15  5 45 54  9 47 12 58 49 66 93 34 82 77 24 20 23 57
 52  1 14  6 59 38 72 41  8 69 78 97 30 95 90 35 44 73  2 91 84 29 10 48
 85 99 50 25 11 13 53 18 19 55 67 92]
[75 59 82  8 57  1 47 66 20 45 87 86 28 31 36 79 98 40 42 43 32 39 46 61
 70  4 93 94 15 96 63 64 22  6 12 24 23 52 51 81 56 77 62 68 58 71 54 49
  9 37  5  3 34 14 41 72 38 78 69 97 30 95 44 35 90  2 84 73 29 91 10 89
 60 88  0 92 25 55 53 67 48 85 99 50 11]
[75 59 16 50 99 85 67 53 48 25 55 92  0 11 13 18 88 27 26 19 74 21 60 76
 65 17 83  7 80 33 89 96 43 86 94 40  4 22 70 64 28 56 81 87 79 15 62  9
  5 68 45 58 42 46 32 63 34 39 36 31 47 51 61 71 98 24 23 37 82  1  3 54
 49 12 93 66 77  8 20 52  6 72 57 41 14 38]
[75 59 16 40 94 43 86 96  4 63 22 64 70 28 32 39 46 36 42 56 81 87 98 79
 15 31  9 51 61 71  5 62 37 68 45 58 54 49 34  3 24 23 47  1 12 77 93 82
 52 66 20  6  8 57 41 72 14 38 78 69 97 30 84 48 85 99 95 50 11 53 25 13
 90 18 33 91 29 44 19 55 67 73 35 92  2 27 74]
[75 59 40 43 86 96  4 28 94 22 64 70 56 87 81 15 79 46 42 63 62 39 32  5
 51  9 31 36 68 71 61 45 58 98 34 37 54  3 47 24 23 49 12  1 82 93 66 77
 20 52 57  6  8 14 41 72 84 38 91 69 29 78 10 73 30 95 97 90  2 35 44 16
 33 89 80 83 17  7 65 76 60 21 74 19 13 18 88 27]
