[48]
[48]
[48 99]
[48 85]
[85 48]
[85 11]
[40 94]
[75 40]
[75 59]
[75 59 91]
[75 59 16]
[75 59 16 10]
[75 59 10 91 29]
[75 59 16 10 91 29 84]
[75 59 16 33 48 85 99]
[75 59 16 10 91 33 29 89]
[75 59 16 33 11 85 18 99]
[75 59 16 33 10 89 80  7]
[75 59 16 33 89 80  7 83 17]
[75 59 16 33 89 80  7 83 17 65]
[75 59 16 33 89 80  7 83 17 65 60]
[75 59 16 33 89 10 80  7 83 17 65 60]
[75 59 16 10 33 91 80  7 29 89 17 83 76]
[75 59 16 10 33 91 80  7 89 17 83 29 65 76]
[75 59 16 10 91 33 29 84  7 80 89 17 83 76]
[75 59 10 91 16 29 84 73 33 95  2 90  7 80 89]
[75 59 10 16 91 29 84 73 33 95  2 90  7 80 35 89]
[75 59 16 10 91 29 84 73 33 95  7 80 89 17 76  2]
[75 59 16 10 91 33 29  7 80 76 84 17 89 83 65 74 21]
[75 59 16 10 91 33 29  7 80 84 89 76 17 83 65 21 74 19 60]
[75 59 16 33 10  7 80 89 17 91 83 76 65 21 74 60 19 26 27 88]
[75 59 16 33  7 80 17 89 76 83 65 21 74 60 19 26 27 88 18 13  0]
[75 59  7 76 21 65 74 26 19 27 88 18 13  0 92 11 55 67 53 50 48 85]
[ 7 80 33 17 76 83 65 89 21 60 74 26 19 88 27 18 13  0 92 11 55 67 50]
[75 33  7 80 17 83 89 76 65 21 74 60 26 19 88 27 18 13  0 92 11 55 67 53]
[75 33  7 80 59 17 83 76 89 65 21 60 74 26 19 88 27 18 13  0 92 55 11 67
 85]
[75 59 16 33 80  7 89 17 83 10 65 76 21 60 74 26 88 19 27 18 50 55  0 85
 53 48]
[84  2 75 44 29 90 57 14 38  8 82 41 66 72 20  6 93 52 47 23 12 39 40 36
 42 86 64]
[75 59 16 84 76 21 74 65 60 26 88 27 19 18  0 13 92 11 67 55 50 85 53 48
 25 99  7]
[75 59 84 10 29 73 91  2 16 90 44 19 50 99 53 48 27 85 25 11 67 13  0 18
 55 92 74 26]
[75 59 84 10 29 91  2 73 90 44 35 95 16 30 97 78 69 74 18 26 13 27 19  0
 85 67 50 11]
[ 8 82  1 47 23 24 34 45 62 68 58 66  5  9 15 79  3 31 51  4 22 63 70 96
 56 81 42 71 86]
[69 78 97 38 14  8 57 72 41 82 66  6 20 47 93 52  1 23 24 12  3 77 34 45
 62 54 49 61 58 68]
[96 28 22  4 64 87 86 43 70 40 79 94 56 15 63  9  5 81 32 58 39 36 46 42
 62 68 98 45 61 51]
[75 84 29 91 10  2 90 73 59 95 44 35 30 97 69 78 38  8 72 41 14 57 82  6
  1 23 24 47 20 66]
[75 84 29 10  2 91 73 90 95 44 35 59 30 97 69 78 38  8 14 72 41 57 82  6
 20  1 66 52 23 47]
[75  7 80 33 17 83 65 76 21 60 74 19 26 27 48  0 53 55 67 85 88 92 50 25
 99 11 13 18 89 16]
[30 95 44 90 97 35 69 78 38  8 14 72 41 57 82  6 20 23  1 66 47 52 98 46
 43 51 93 42 63 58 61]
[34  1  3 24 23 45 37 39 40 42 87 46 47 93 98 51 49 36 56 58 61 62 63 64
 68 70 71 77 79 81 52 54]
[75 59 84 29 10 73 91  2 90 95 44 35 30 97 69 78 38  8 14 41 72 57 82  6
 23 66 56 52 58 98 51 54 70]
[75 59 84 29  2 10 90 73 44 35 91 95 30 97 78 69 38  8 72 14 41 57  6 82
 52 23  1 24 20 77 68 12 93 87]
[49 51 22 86 98 87 46 28 45 43 31 32 42 34 40 36 37 56 54 58 71 70  3  4
  5 68 79 81  9 64 96 63 62 61 15]
[86 94 64 87 32 15 70 96  9 40 79 43  5  4 56 81 28 22 34 61 51 31 98 71
 37 39 63 62 42 58 45 46 36 68 24]
[69 78 38 14 57  8 72 41 82 20  6 66 93 47 52 51 98 45 43 40 39 46 49 61
 56 58 63 64 86 70 71 77 79 81 87 36]
[69 78 38 14 57 41 72  8 82 20  6 66  1 47 52 24 23 93 12  3 68 71 45 46
 98 51 70 54 87 56 58 61 77 79 81 62]
[75 84 29 10 73  2 91 90 95 44 59 35 30 97 69 78 38 82  8 14 57 47 72 41
 23 24  1 66 20 34 45  6 62 93 81  3 58]
[75 84 29 10 91 59 73  2 95 90 35 44 30 97 69 78 38 82  8 14 57 47 72 41
 24 23  1 66 20  6 62 34 45 68  5 58 93  9]
[84 29 10 73 90 91 95  2 30 82 47  8 23 24  1 62 45 34 68 56 81 58  4  9
 28 87 86 64 15 70 96 79  5 22 39 40 46 42 43]
[75 84 29 10 73 91  2 90 59 95 44 35 30  8 56 52 58 81  3 37 39 40 79 43
 77 61 46 98 70 51 87 54 64 63 71 49 42 15  4  5]
[75 59 10 29 84 91 73 16  2 33 89 80 83 17 65 21  7 60 53 48 50 55  0 76
 85 88 92 67 74 99 19 25 27 26 13 11 18 90 95 35 44]
[75 59 16  0 92 85 67 55 53 50 48 27 25 19 18 99 13 11 88 26 74 21 60 76
 65 17 83 89  7 80 33 84 29 10 91 73  2 90 95 35 44 30]
[75 59  0 92 88 85 67 55 53 50 48 27 26 25 19 18 99 11 13 74 21 60 76 65
 17 83 89  7 80 33 16 10 29 84 91  2 73 44 35 97 41 78 90]
[75 59 89 83 80 60 26 27 48 50 53  0 25 67 85 88 92 55 19 99 18 11 13 74
 21 17 65 76  7 33 16 63 32 39 36 46 42 98 61 37 49 51 54 31]
[75 59  0 92 85 67 55 53 50 48 25 13 99 11 18 88 26 19 27 74 60 21 76 65
 83 17 89  7 80 33 16 71 98 79 61 81  5 58 87 51 77  9 56 31 15]
[75 59 16 48 85 25 99 50 53 11 13 18 67 55 92 19 27  0 74 26 88 21 76 60
 65  7 17 83 80 33 89 10 29 84 91 73  2 90 44 35 95 30 97 78 69]
[75 59  0 92 85 67 55 53 50 48 27 26 25 19 18 99 13 11 74 88 21 60 76 65
 17  7 83 80 89 33 16 10 29 84 91 73  2 90 35 44 30  8 82 24  1 47]
[75 59  0 92 85 67 55 53 50 48 25 19 18 99 11 13 27 26 88 74 60 21 76 65
 83 17 89  7 80 33 16 43 46  9 64  4 42  5 70 79 63 39 15 36 96 32 94]
[59 89 75 83 80 60 17 65  7 88 21 33 26 76  0 74 27 92 55 67 19 25 53 18
 48 13 50 99 85 11 16 29 84 10  2 73 91 44 90 35 97 95 30 63 49 41 72]
[75 59 16 33 89 80 83 17  7 65 60 21 76 88 26  0 27 92 55 67 11 53 85 25
 99 18 48 50 13 19 74 40 94 43 86 22 96 64  4 28 70 87 79 63 15 32  5]
[75 59 16 89 33 80 83 17  7 65 60 76 21 88 26 74  0 27 19 92 18 55 67 13
 85 53 50 48 99 11 25 84 29 10  2 73 30 97  8 44 78 90 72 38 41 35 14]
[75 59 16 89 33 80 83  7 17 65 60 76 21 88 74 26 27  0 19 18 92 55 67 13
 11 50 53 99 25 85 48 84 29  2 10 73 44 90 35 91 97 30  8 72 95 41  6 78]
[75 59 16 84 29 33 89 80 83  7 17 65 76 60 21 74 88 26 27 19  0 18 13 92
 55 67 11 85 53 50 48 99 25 10  2 91 73 44 90 35 95 30 97 78 69 38  8 72]
[75 59 84 29 16 10 33 89 80  2  7 83 17 65 76 60 21 74 88 26 27 19  0 18
 13 11 55 92 50 67 85 53 99 25 48 73 91 90 44 35 95 30 97 78  8 45 46 63
 68]
[75 59 84 29 16 10  2 73 33 89 80 83 17  7 65 60 48 25 50 53 99 11 85 55
 67 92 13 18  0 19 27 26 88 74 21 76 91 90 44 35 95 30 97 78 69 62 86 81
 79]
[75 59 29 84 10 16  2 73 91 33 90 44 80 89  7 83 17 65 76 21 60 74 85 55
 53 50 48 92 67  0 99 18 13 25 11 19 27 26 88 35 95 30 97 78 69 38 72 41
 14  8]
[75 59 16 84 33 29 80 89 83  7 92 18 13 48  0 53 55 67 85 50 25 99 11 19
 27 26 88 74 21 60 76 65 17 10  2 73 91 44 90 35 95 30 97 78 69 38 72 14
 41  8  6]
[75 59 16 48 25 85 53 99 50 11 67 55 13 92 18  0 19 27 88 26 74 21 60 76
 65 17 33 83 89  7 80 29 84 10  2 91 73 90 44 35 95 30 97 78 42 22 28 32
 81 70 96  4]
[75 59 16 33 80 89  7 83 17 65 76 60 21 74 88 26  0 55 19 13 67 92 18 27
 85 53 50 48 99 25 11 84 29 10 91  2 73 90 40 43 94 86 96 22  4 44 64 28
 70 15 87 79 56]
[75 59 16 33 80 89  7 83 17 65 76 60 21 74 50 53 48  0 27 67 85 88 92 55
 26 99 11 19 13 25 18 29 84 10 91 73  2 90 44 35 95 30 97 69 78 38  8 14
 41 72 57 82  6 20]
[75 59 89 25 60 88  0 83 80 48 53 67 26 92 55 17 85 65 99 33 50 27 16 21
  7 19 76 18 11 13 74 10 29 84 40 63 22 43 94 39 36 32 87 79 15 86 46  9
 42  5 64 98 96 58 49]
[ 0 92 85 67 55 53 50 48 25 18 13 99 11 19 27 88 26 74 60 21 76 65 83 89
 17  7 80 33 16 75 59 10 29 84 91 73  2 44 90 35 95 97 30 78 72 41 69  6
 38  8 14 52 57 77 20  1]
[99 85 53 48 25 50 92 67 11 18 55  0 13 19 27 88 26 74 60 21 76 65 89 83
 17  7 80 33 16 75 59 10 29 84 91 73  2 44 90 35 97 30 72 95 41 78  8  6
 38 14 69 52 20 77 57  1 66]
[75 59 94 43 40 86 96 22  4 64 70 28 87 79 15 56 81  9 63  5 32 42 46 36
 39 68 58 62 61 51 45 98 31 71 34 37 54 24 23 49  1 47  3 12 77 93 52 66
 82 20  6  8 72 41 57 14 38]
[58 32 31 63 36 28 68 96 39 40 22 70 42 43 64 87 62 46 79 94 98 81  9 51
 15 56 86  5  4 61 71 45 37 34 54 49  3 24 47 23  1 12 77 93 52 82 66 20
  6  8 57 41 72 14 38 78 69]
[72 41  8 38  6 14 52 20 51 87 98 43 45 42 81 40 39 46 86 56 37 57 58 61
 62 63 64 66 68 70 71 77 79 54 36 49 34  3 32 31  4  5 28  9 96 15 94 93
 22 24 82 23 47  1 12 78 69]
[95 84 90 30 44 73  2 35 97 69 78 38  8 82 72 41 14 47  6 57 23 24  1 34
 62 45 20 68 52 66 81 58 77 93 56  5  9 15 12 79 87 70 49 28 64  3 96  4
 54 43 86 22 63 42 32 31 36]
[44  2 90 35 95 30 97 84 73 78 69 38 72 41 82  8 14  6 47 57 23 24  1 62
 34 45 68 52 81 20 56 58 77 66  9 93  5 15 70 28 87 79 12  4 49 64 96 86
 22  3 54 37 94 43 40 98 71]
[48 85 25 99 53 50 11 67 13 55 18 92 19  0 27 26 74 88 21 76 60 65 17 83
  7 80 89 33 59 75 16 84 29  2 10 44 35 97 78 41 72 14 38  6 57 52 20 77
 93 66 12 49  3 54 37 98 71]
[44 41  6 72  2 35  8 90 52 97 30 78 38 14 77  1 69 49 95 20 73 93 12 57
 54 23 84 37 24 58 34 66 63 98 29  3  5 39  9 32 36 61 15 79 82 87 42 71
 46 31 51 45 68 47 22 40 94]
[89 83  0 67 55 25 11 85 53 50 48 92 99 13 18 88 27 19 26 60 74 21 65 76
 17 80  7 33 16 59 75 10 29 91 84 73  2 35 44 90 95 63 32 39 36 46 42 98
 61 51 31 37 49 71 54 77  3]
[82 47 24  1 23 34 45 62 58 68  5 81 56  9 15 79 87  3 66 12  8 93 31 71
 70 61 37 28 54 51  4 64 49 98 22 36 42 96 20 46 32 39 86 94 63 77 43 40
 57 52  6 14 38 41 72 69 78]
[69 38 14 57  8 82  6 20 66 72 93 52 47  1 23 24 77 41 12  3 34 49 45 54
 62 58 68 37 63 64 46 70 43 71 40 79 56 86  4 32 31 96 28 15 94 22 61 81
  5  9 87 36 42 39 51 98 78 95]
[91 95 73 94 43 22 40 86 96 64  4 28 70 87 15 79  9  5 63 32 56 39 81 58
 36 46 42 98 68 45 61 34 62 51 31 37 49 71 54  1 23 24 77 47 52  3 12  8
 93  6 82 20 66 41 72 14 57 38 30]
[82 47 23 24  1 45 62 34 68 81 58 56  9  5 79 15 87 70 28  4 96 64 86 22
 94 40 43 46 42 63 36 32 39 98 51 31 61 71 37 54 49  3  8 77 12 93 52 20
 66  6 57 41 72 14 38 78 69 97 30 95]
[95 91 40 22 79  9 15  5  1 58 87 43  8 94 34 23 64 90 30 35 97 24 41 72
 68 96  6 86  4 70 45 52 78 77 28 62 49 81 56 44 47 63 69 82 54 14 38 98
 32 20 39 36 37 73 93 12 66 57 61 42]
[75 59 91 10 29 73 84 95  2 90 35 44 30 97 69 78 38 58 56 31 54 51 45 37
 49 61 62 68 71 77 79 81 98 34 87  3  5  9 15 32  1  4 70 12 64 63 52 22
 94 43 23 46 36 40 86 28 39 42 96 24 93]
[75 59 60 88  0 83 21 26 65 17 89 80 76 16 55 92 67  7 27 25 74 33 53 19
 48 18 13 50 99 85 11 10 29 84 91 73  2 90 44  4 54 71 70 94 96 28 63 61
 86 51 64 98 31 32 36 37 22 39 40 42 43 46]
[75 59 16 33 89 80 17 83  7 60 76 65 21 26 88 74  0 55 27 67 19 92 13 18
 11 50 25 53 99 85 48 10 29 91 84 73  2 90 44 95 35 30 97 69 78 40 86 94
 43 96  4 70 28 64 22 56 81 15 79 87 46 32 63]
[42 32 36 37 39 40 43 46 98 51 31 54 61 63 64 87 68 70 71 79 81 56 28 86
 15 96 94 22  9  4  5 58 49  3 62 45 34 77 12 93  1 52 24 23 47 66 20  6
 82 57 41 72  8 14 38 78 69 97 30 44 35 95 90  2]
[49 31 32 36 39 40 43 46 28 98 87 86 61 63 64 70 79 51 22 42 15 94 96  4
  9 12 56 37 58  5 34 52 71 93 81  3 62 68 77 23 54 45 24  1 47 66 20  6
 72 82 41 57  8 14 38 78 69 97 30 95 35 44 90 73]
[82 23 47 34 71 51 49 36 39 40 42 87 46 98 54 56 58 61 62 63 64 68 70 79
 81 32 28 43 86 15  9 96  4 22  5 94  1 24 37 31 45 77 52  3 12 93  8  6
 20 66 41 72 57 14 38 78 69 97 30 44 95 90 35  2]
[ 8 86 40 54 22 56 58 94 34 63 15 64 43 96 32 70  9 71  5  4 79 81  1 87
 28 39 37 62 46 98 51 61 68 77 45 36 49 42 31 23 24 47 52  3 82 12 93  6
 41 20 72 66 14 57 38 78 69 97 30 90 44 95 35  2 73]
[95 90 30 97 78 69 71 58 86 28 56 31 32 81 37 54 36 51 39 40 98 42 43 87
 34 61 45  4  5 70  9 79 96 68 15 94 64 63 62 22 46 12 82  3  1 47 77 49
 23 24 52 93 66 20 38  8 57  6 41 72 14 35 44 73  2 91]
[95 90 30 35 69 97 78 38 14 57 82 23 93 47 34  3 12 66 20 45 24 98 46 51
 87 56 49 61 62 63 64 86 68 70 71 77 79 81 58 43 42 15 28 96  5  4 22 32
 31 36 37 94 39  1 40  9 52 54  6 41 72  8 44 73  2 91 84]
[91 95 90 73 44 35 30  2 97 69 78 38 72 14 41  8  6 57 20 52 82 66 93 77
  1 12 23 24 47 49  3 54 34 37 45 68 62 58 70  4 64 63 61 71 22 98 86 51
 31 94 36 15 39 46 87 40 96 42 43 28 32 56  9 79 81  5 84 29]
[89 83 99 85 53 50 48 25 11 92 67 55 13 18  0 19 27 88 26 74 60 21 65 76
 17 80  7 33 16 59 75 10 29 91 84 73  2 95 90 35 44 30 97 69 78 38 14  8
 72 57 41 82 47 68 96 70 71 94 93  1 87 86  4 81 77 79  5 15 64]
[99 25 85 53 48 50 11 55 67 13 92 18  0 19 27 26 88 74 21 60 76 65 89 83
 17  7 80 33 59 16 75 84  2 29 44 90 73 35 91 97  8 10 30 41 72 95  6 78
 86 43 94 96  4 70 28 40 64 56 31 46 42 51 81 71 61 32 39 22 36 62]
[ 0 85 53 50 48 25 13 99 19 27 11 55 92 67 18 26 88 74 60 21 76 65 89 83
 17  7 80 33 16 59 75 29 10 84 91 73  2  4 96 56 94 43 22 40 70 28 79 63
 86 64 87 32 39 81 42 15  5  9 46 58 31 36 62 68 71 61 51 98 45 37 34]
[59 75 89 33  7 80 83 17 65 76 60 21 74 88 26 27 19  0 18 92 55 53 67 50
 85 48 99 13 25 11 16 29 84 10 91  2 73 49 12 47 64 62 61 68 70  9 79 81
  5  4 86 87  3 94 96 71 58 63 56 37 36 42 43 45 32 39 22 46 98 51 54 15]
[16 33  7 80 17 65 83 76 89 21 60 74 88 26 27 19  0 50 53 67 85 92 48 25
 99 18 13 55 11 59 75 93 56 58 12 61 24 63 64 66 68 62 71 77 79 81 82  5
  4 86 87 94 96 70  9 49 43 22 51 39 98 15 47 46 45 28 36 42 32 31 40 34]
[99 85 67 53 50 48 25 92 55 18  0 11 13 19 27 26 88 74 21 60 76 65 17 56
 64 58 61  5 52 51 62 63 54 71  3 68 70  6 77 79 81 82 86 87 94 96 66 98
  4 47 12 15  9 22 23 24  8 31 32 34 36 37 28 39 46 45 42 43 49 40 93  1]
[59 75 16 33 89 80 83  7 17 48 85 99 53 50 25 11 13 18 67 55 92 19 27  0
 74 65 26 76 88 21 60 86 43 94 96  4 28 70 51 71 31 46 42 64 56 81 61 40
  3 32 39 62 36 98 63 66 22 47 37 68 45 12 54 93 57 82 20 87 15 79 34 49
  5]
